1,0,1,1,0,0,0,0,1,0,1 : 247.4666
1,0,0,0,1,0,1,0,1,1,0 : 204.73
1,0,0,0,1,1,1,0,1,0,0 : 204.73
1,0,1,0,0,0,0,0,0,1,0 : 218.0966
1,0,0,1,1,0,0,0,1,0,0 : 212.0533
1,0,0,0,1,1,0,1,1,0,0 : 202.9366
1,1,0,0,0,1,0,1,1,1,0 : 224.7333
1,0,1,0,1,1,0,0,1,1,0 : 218.0966
1,1,1,0,0,1,1,0,0,0,0 : 247.2766
1,0,1,0,0,0,1,0,1,1,1 : 233.5433
1,0,0,0,1,0,1,0,0,0,1 : 215.8533
1,0,0,1,0,0,1,0,1,1,0 : 214.25
1,0,1,1,0,0,1,1,1,1,0 : 232.1166
1,0,1,1,0,0,0,0,1,0,1 : 247.4666
1,0,0,1,1,1,0,0,1,0,0 : 212.0533
1,0,0,1,0,0,1,0,0,0,1 : 247.4666
1,0,0,0,0,0,1,1,0,0,0 : 204.73
1,0,1,1,0,1,0,0,1,0,1 : 252.2666
1,0,0,1,1,0,1,1,1,1,0 : 214.25
1,0,1,0,0,1,1,0,0,0,1 : 233.5433
1,0,1,1,0,0,0,1,1,0,1 : 244.12
1,0,0,0,0,0,1,0,1,0,0 : 204.73
1,0,0,1,0,0,0,0,0,0,0 : 212.7133
1,0,0,1,0,0,0,0,1,0,0 : 212.0533
1,0,0,0,0,1,1,1,1,0,0 : 204.73
1,1,0,1,0,1,0,0,1,0,0 : 235.3466
1,0,0,1,1,1,1,1,1,1,0 : 214.25
1,1,0,1,0,1,0,1,0,1,0 : 239.32
1,0,1,0,1,1,0,1,1,0,0 : 222.2666
1,1,0,0,1,1,0,0,1,0,0 : 231.3133
1,0,0,0,1,0,0,0,1,0,0 : 202.9366
1,0,0,1,0,1,1,1,1,0,0 : 214.25
1,0,0,0,0,0,0,1,1,1,0 : 202.9366
1,0,1,0,1,0,0,1,0,1,0 : 218.0966
1,1,0,0,1,0,0,1,0,1,0 : 231.3133
1,0,1,1,0,0,0,0,1,1,1 : 247.4666
1,0,0,0,1,1,1,1,1,0,1 : 216.0633
1,0,0,1,1,0,1,1,1,1,0 : 214.25
1,1,0,0,0,1,0,0,0,0,0 : 224.43
1,1,0,0,1,1,0,0,0,0,1 : 232.6166
1,0,0,0,0,0,1,0,1,1,0 : 204.73
1,1,0,0,1,1,0,0,1,1,0 : 231.3133
1,1,0,0,0,1,1,1,0,1,0 : 224.7333
1,0,0,0,0,0,1,0,0,1,0 : 204.73
1,0,0,1,0,1,0,0,0,1,0 : 212.7133
1,0,0,0,1,1,1,0,0,0,0 : 204.73
1,0,1,0,1,1,0,0,0,1,0 : 218.0966
1,0,0,1,0,0,0,1,0,1,0 : 212.7133
1,0,0,0,1,0,1,1,1,1,1 : 215.8533
1,0,1,0,0,1,0,1,0,1,0 : 218.0966
1,1,0,0,1,0,0,0,0,0,1 : 232.6166
1,1,0,0,0,0,1,1,0,0,0 : 224.43
1,0,0,0,0,0,0,0,0,1,0 : 202.9366
1,1,0,0,1,0,0,0,1,0,0 : 231.3133
1,0,1,0,1,1,1,1,1,1,0 : 218.0966
1,0,0,0,1,0,1,0,1,0,0 : 204.73
1,0,0,1,1,0,1,1,0,1,0 : 214.25
1,1,0,1,1,0,1,0,0,1,1 : 246.5033
1,0,0,0,1,0,1,0,0,1,0 : 204.73
1,0,0,0,1,0,0,0,1,1,0 : 202.9366
1,1,0,0,0,1,1,0,0,1,0 : 224.7333
1,0,1,0,1,0,1,1,1,1,0 : 218.0966
1,0,0,0,1,1,1,1,1,0,1 : 216.0633
1,1,1,1,0,1,0,0,0,1,0 : 246.94
1,0,0,0,1,0,1,0,1,1,0 : 204.73
1,0,0,0,1,1,1,0,1,1,1 : 216.0633
1,0,0,1,1,1,0,0,1,1,0 : 212.0533
1,1,0,0,0,1,1,0,1,1,0 : 224.7333
1,0,1,0,0,1,1,1,0,0,0 : 221.3766
1,0,1,0,0,1,1,0,1,0,0 : 222.2666
1,0,0,0,1,1,1,0,1,0,0 : 204.73
1,1,0,0,0,0,0,1,0,0,1 : 231.8866
1,1,0,0,1,1,1,1,0,0,0 : 231.3133
1,1,0,0,0,1,0,0,0,0,1 : 232.6166
1,0,1,0,0,1,1,0,1,1,0 : 218.0966
1,0,0,0,1,1,0,1,1,1,0 : 202.9366
1,0,0,0,1,0,0,0,1,1,0 : 202.9366
1,0,1,1,0,1,0,0,0,1,0 : 227.4
1,0,0,1,0,0,0,1,0,0,0 : 212.7133
1,0,0,0,1,0,0,0,0,1,0 : 202.9366
1,0,1,0,0,1,1,0,0,0,0 : 221.3766
1,0,0,0,1,1,0,0,1,0,0 : 202.9366
1,1,1,0,1,0,1,1,0,0,0 : 246.4966
1,0,0,0,0,0,0,1,1,1,0 : 202.9366
1,0,0,1,1,1,1,0,1,1,0 : 214.25
1,0,0,0,1,0,1,0,0,0,1 : 215.8533
1,0,0,0,0,0,0,0,1,1,0 : 202.9366
1,0,0,0,1,0,0,0,1,0,0 : 202.9366
1,0,0,0,1,0,1,0,1,1,0 : 204.73
1,0,1,1,0,0,0,1,0,1,1 : 244.12
1,0,0,1,0,0,0,0,1,0,1 : 247.4666
1,0,1,0,0,0,1,0,1,1,0 : 218.0966
1,0,1,0,0,0,1,1,0,1,0 : 218.0966
1,1,0,0,1,0,1,1,1,0,0 : 231.3133
1,0,0,0,0,1,1,1,0,0,0 : 204.73
1,0,0,0,0,0,1,1,1,0,0 : 204.73
1,0,0,1,1,1,1,0,0,0,0 : 214.25
1,0,0,0,1,0,0,0,1,1,0 : 202.9366
1,0,1,0,1,0,1,1,1,0,0 : 222.2666
1,1,0,0,0,0,0,1,0,0,0 : 224.43
