0,1,1,1,0,1,1,1,1,0,0,0,0,1,0,0,1,0 : 0.397
0,0,0,0,0,0,0,1,0,1,0,0,0,1,0,0,0,1 : 0.4478
0,0,1,1,0,0,0,1,0,0,1,0,0,1,1,0,0,0 : 0.7489
1,0,0,1,1,0,0,1,0,0,1,0,0,1,0,0,0,1 : 10.7325
0,0,1,0,0,1,0,1,1,0,0,0,0,1,0,1,0,0 : 0.5128
0,0,1,1,0,1,0,1,0,1,0,0,0,1,0,1,0,0 : 0.4453
1,1,1,1,0,1,0,1,0,1,0,0,0,1,0,1,0,0 : 6.5092
0,0,1,1,0,1,0,1,0,1,0,0,0,1,0,1,0,0 : 0.4453
0,0,0,1,0,1,1,1,1,0,0,0,0,1,0,1,0,0 : 0.5833
0,0,1,0,1,1,0,1,1,0,0,0,0,1,0,1,0,0 : 0.5128
0,0,1,0,0,1,0,1,1,0,0,0,0,1,0,1,0,0 : 0.5128
0,0,0,0,1,0,0,1,0,1,0,0,0,1,0,1,0,0 : 0.4453
1,0,0,1,1,1,0,1,0,0,0,1,0,1,1,0,0,0 : 20.0014
0,0,0,0,0,0,0,1,0,1,0,0,0,1,1,0,0,0 : 0.4478
0,1,0,1,1,0,0,1,0,1,0,0,0,1,0,1,0,0 : 0.5155
0,0,0,1,0,0,1,1,0,0,0,1,0,1,0,0,0,1 : 0.6366
0,1,0,0,0,0,0,1,0,1,0,0,0,1,1,0,0,0 : 0.5155
0,1,0,1,0,0,0,1,0,0,0,1,0,1,0,0,1,0 : 1.2507
0,0,0,0,1,1,1,1,0,0,1,0,0,1,0,0,0,1 : 0.773
0,1,1,0,1,1,1,1,0,0,0,1,0,1,0,0,0,1 : 1.3172
0,0,1,0,1,1,0,1,0,1,0,0,0,1,0,1,0,0 : 0.4453
0,1,1,0,1,1,0,1,1,0,0,0,0,1,0,0,1,0 : 0.3625
0,1,0,0,0,0,0,1,1,0,0,0,0,1,0,0,0,1 : 0.36
0,0,0,1,1,0,0,1,0,1,0,0,0,1,0,0,1,0 : 0.4478
0,1,0,1,0,0,1,1,0,0,1,0,0,1,1,0,0,0 : 0.773
0,1,1,1,1,1,0,1,0,0,0,0,1,1,0,0,0,1 : 2.4087
0,0,1,0,0,1,0,1,1,0,0,0,0,1,1,0,0,0 : 0.5128
0,0,0,0,0,1,0,1,0,0,0,0,1,1,0,0,0,1 : 0.9259
0,0,0,1,1,1,0,1,0,1,0,0,0,1,0,0,1,0 : 0.4478
0,1,0,1,0,0,0,1,1,0,0,0,0,1,1,0,0,0 : 0.36
0,0,1,1,1,0,1,1,0,0,0,0,1,1,0,1,0,0 : 0.9259
0,0,1,1,1,0,0,1,0,1,0,0,0,1,0,0,1,0 : 0.4478
0,0,1,0,1,1,0,1,0,0,0,1,0,1,0,1,0,0 : 0.6286
1,0,0,1,0,0,0,1,0,1,0,0,0,1,1,0,0,0 : 6.5092
0,0,1,1,0,0,0,1,1,0,0,0,0,1,0,1,0,0 : 0.5128
0,0,0,0,1,0,0,1,0,0,1,0,0,1,0,0,0,1 : 0.7489
0,0,1,0,0,1,0,1,0,1,0,0,0,1,0,1,0,0 : 0.4453
0,0,1,0,0,1,0,1,0,0,1,0,0,1,0,0,0,1 : 0.7489
0,0,0,1,0,1,1,1,0,1,0,0,0,1,0,0,0,1 : 0.4767
0,1,1,1,0,1,1,1,1,0,0,0,0,1,1,0,0,0 : 0.397
0,0,1,0,0,1,0,1,1,0,0,0,0,1,0,0,0,1 : 0.5128
0,0,1,1,1,0,0,1,0,0,1,0,0,1,0,0,0,1 : 0.7489
0,1,0,1,1,0,0,1,0,1,0,0,0,1,0,1,0,0 : 0.5155
1,0,1,1,1,1,1,1,0,0,0,1,0,1,0,0,0,1 : 20.0014
0,0,1,0,0,0,1,1,0,0,0,0,1,1,0,1,0,0 : 0.9259
0,0,1,0,0,1,0,1,0,0,1,0,0,1,0,0,0,1 : 0.7489
0,1,0,0,1,0,0,1,1,0,0,0,0,1,1,0,0,0 : 0.3625
0,0,1,1,0,1,0,1,1,0,0,0,0,1,0,1,0,0 : 0.5128
0,0,1,0,0,1,1,1,0,0,0,0,1,1,1,0,0,0 : 0.9259
0,1,0,1,1,1,1,1,0,1,0,0,0,1,0,1,0,0 : 0.5284
0,1,1,1,0,0,0,1,1,0,0,0,0,1,0,0,0,1 : 0.36
0,0,1,1,1,0,1,1,1,0,0,0,0,1,0,1,0,0 : 0.5833
0,1,1,1,1,0,0,1,0,0,1,0,0,1,0,1,0,0 : 0.7489
0,0,1,1,0,1,0,1,0,1,0,0,0,1,1,0,0,0 : 0.4478
0,0,0,0,1,1,0,1,0,1,0,0,0,1,0,0,1,0 : 0.4478
0,1,0,0,1,0,0,1,0,1,0,0,0,1,0,0,1,0 : 0.5171
1,1,0,1,1,0,0,1,0,1,0,0,0,1,0,0,1,0 : 5.8302
0,0,0,0,1,1,1,1,0,1,0,0,0,1,1,0,0,0 : 0.4643
0,1,1,1,1,1,0,1,0,0,0,1,0,1,0,0,0,1 : 1.2507
0,0,1,1,0,0,0,1,0,1,0,0,0,1,0,0,1,0 : 0.4478
1,0,0,1,1,1,0,1,0,1,0,0,0,1,1,0,0,0 : 6.5092
0,0,0,0,0,0,0,1,0,0,0,1,0,1,1,0,0,0 : 0.6286
0,0,0,1,1,0,0,1,0,0,0,1,0,1,0,1,0,0 : 0.6286
0,0,1,1,0,1,0,1,0,0,0,1,0,1,0,0,1,0 : 0.6286
0,0,0,1,0,1,1,1,0,0,0,0,1,1,0,0,1,0 : 0.9259
0,1,0,1,0,1,0,1,0,0,0,1,0,1,0,0,0,1 : 1.2507
0,1,1,0,0,1,0,1,1,0,0,0,0,1,0,0,1,0 : 0.36
0,0,1,0,1,0,0,1,0,0,0,0,1,1,1,0,0,0 : 0.9259
0,1,1,1,1,1,0,1,0,1,0,0,0,1,0,0,1,0 : 0.5171
0,0,1,0,0,1,0,1,0,0,0,1,0,1,0,0,1,0 : 0.6286
1,0,0,1,0,0,1,1,0,0,0,0,1,1,0,0,1,0 : 37.8101
1,1,1,0,1,0,1,1,0,1,0,0,0,1,0,0,1,0 : 5.8682
0,1,1,0,0,0,0,1,0,1,0,0,0,1,0,0,1,0 : 0.5171
0,0,1,1,0,1,0,1,0,0,0,0,1,1,0,1,0,0 : 0.9259
1,0,1,1,1,1,1,1,0,0,1,0,0,1,0,1,0,0 : 10.7325
1,1,1,1,0,1,0,1,0,0,1,0,0,1,0,0,0,1 : 10.9246
0,0,0,1,1,0,1,1,0,1,0,0,0,1,1,0,0,0 : 0.4767
1,1,1,0,1,0,1,1,1,0,0,0,0,1,0,1,0,0 : 2.0759
0,0,0,0,1,1,1,1,0,0,1,0,0,1,0,0,0,1 : 0.773
0,1,1,0,1,1,0,1,0,0,1,0,0,1,0,0,0,1 : 0.7489
0,0,0,0,0,1,1,1,0,1,0,0,0,1,0,0,1,0 : 0.4643
0,1,0,0,0,0,1,1,0,0,1,0,0,1,0,0,1,0 : 0.5096
0,1,1,1,0,0,1,1,0,1,0,0,0,1,0,1,0,0 : 0.5394
0,1,1,1,0,1,0,1,1,0,0,0,0,1,0,1,0,0 : 0.36
0,1,0,1,0,0,0,1,0,0,0,1,0,1,0,1,0,0 : 1.2514
0,0,1,0,0,0,1,1,0,0,1,0,0,1,0,0,1,0 : 0.5096
1,0,1,0,1,0,1,1,0,0,0,1,0,1,0,0,1,0 : 19.9793
0,0,0,1,0,1,1,1,0,1,0,0,0,1,0,1,0,0 : 0.4767
0,1,0,0,1,0,1,1,0,0,1,0,0,1,0,0,1,0 : 0.5096
0,0,1,1,0,1,0,1,0,1,0,0,0,1,0,1,0,0 : 0.4453
0,0,0,0,1,1,0,1,0,0,1,0,0,1,0,0,0,1 : 0.7489
0,0,1,1,1,1,0,1,1,0,0,0,0,1,0,0,1,0 : 0.5128
0,0,0,1,0,0,0,1,0,0,1,0,0,1,0,0,0,1 : 0.7489
1,1,1,1,1,0,0,1,0,0,0,0,1,1,1,0,0,0 : 39.0084
0,0,0,0,0,1,1,1,0,0,0,0,1,1,1,0,0,0 : 0.9259
0,0,0,1,0,1,0,1,1,0,0,0,0,1,0,0,1,0 : 0.5128
0,1,0,0,1,1,0,1,1,0,0,0,0,1,0,1,0,0 : 0.3636
0,0,0,1,0,0,1,1,1,0,0,0,0,1,0,0,0,1 : 0.5833
0,0,0,0,0,1,0,1,0,1,0,0,0,1,0,0,1,0 : 0.4478
0,1,0,1,0,0,0,1,0,1,0,0,0,1,0,0,0,1 : 0.5155
