1,0,0,1,0,1,1,0,1,1,1,1,1,0,0,1,0,0,1,1,1,0,0,1,0,0,0,0,0,1,1,1,1,0,0,1,0,1,0 : 13.1776
1,0,0,0,0,0,1,0,1,0,0,1,0,1,0,0,1,1,0,1,1,1,1,1,0,0,0,0,1,0,1,0,0,1,0,0,0,1,1 : 13.176
0,1,0,1,0,0,1,1,0,1,0,1,0,1,0,1,0,0,0,0,0,1,0,0,0,0,0,1,0,0,1,0,1,1,0,0,0,1,1 : 13.2777
0,1,1,1,0,0,0,0,0,0,1,1,1,1,0,1,1,0,0,0,1,0,0,1,1,1,0,0,1,1,0,0,1,0,0,0,0,0,0 : 13.9167
1,1,0,1,0,1,0,0,1,1,1,1,0,1,0,0,1,1,0,1,0,0,1,0,0,0,0,1,1,0,0,0,0,1,0,0,0,0,1 : 13.168
0,0,0,1,0,1,0,1,1,1,0,1,0,0,0,0,0,0,1,1,1,0,1,0,0,0,0,0,1,1,1,0,0,1,0,0,1,1,1 : 13.176
1,1,0,1,0,1,1,0,1,1,1,0,1,0,1,1,0,0,1,0,1,0,1,0,0,0,0,0,1,0,0,0,0,1,0,0,1,0,0 : 13.2777
1,1,0,0,1,1,0,1,1,1,1,1,1,0,1,1,0,0,1,0,0,1,0,0,1,0,1,0,1,0,1,1,0,1,0,1,0,1,1 : 13.2777
0,0,0,0,0,1,1,1,0,0,0,0,0,0,0,1,0,0,1,0,0,1,1,1,0,0,1,0,1,1,1,0,0,1,0,1,0,1,0 : 13.2777
0,1,0,0,0,1,0,1,1,1,1,1,0,0,0,1,0,1,0,0,0,1,1,0,0,0,0,1,0,0,1,1,1,0,0,0,0,1,1 : 13.2777
0,1,0,1,1,1,1,0,1,0,1,0,0,1,1,1,0,1,0,0,0,1,0,0,0,0,0,1,0,0,1,0,0,1,0,1,0,1,0 : 13.2777
0,1,0,1,0,0,1,1,1,1,0,1,1,0,1,1,1,0,1,1,1,0,1,0,1,1,0,1,1,0,0,0,0,1,0,0,1,0,0 : 13.024
1,0,0,1,0,0,0,1,1,1,1,1,0,0,0,0,1,1,0,1,1,0,1,0,0,1,0,1,0,1,0,0,1,1,0,0,0,1,0 : 13.176
0,0,0,1,0,0,1,1,0,0,1,1,0,0,1,0,0,0,1,1,1,0,0,0,0,1,0,0,0,0,0,1,1,0,0,0,1,1,1 : 13.176
0,1,0,0,1,1,1,0,1,0,0,1,1,1,1,0,0,1,0,0,0,0,1,1,1,1,0,0,0,1,0,0,1,1,0,1,0,1,0 : 13.3405
0,0,1,0,0,0,1,1,1,0,0,1,0,1,1,0,0,1,1,1,0,1,1,0,0,0,0,0,0,1,1,0,0,1,0,0,0,1,0 : 13.176
0,1,0,1,0,1,1,1,1,1,0,1,0,1,0,1,0,1,1,0,1,1,0,0,0,0,1,1,0,1,0,1,0,1,0,1,0,1,0 : 13.2777
0,0,0,1,1,1,1,0,0,1,1,1,1,1,0,1,0,1,1,0,1,1,0,1,0,0,1,0,0,1,1,0,0,0,0,1,0,0,0 : 13.2777
0,0,0,1,1,0,0,0,0,1,0,0,0,1,1,1,0,1,1,0,1,0,1,0,0,0,0,0,0,1,0,0,0,0,0,0,0,1,0 : 13.2777
0,1,0,0,0,1,0,0,1,1,1,1,0,0,0,1,1,0,1,1,1,0,0,1,0,1,0,0,1,1,1,0,1,0,0,0,0,1,1 : 13.1776
0,1,0,0,1,1,1,1,1,1,0,1,1,1,0,1,0,1,0,0,0,1,0,0,1,0,1,1,0,1,0,0,1,0,0,1,0,1,1 : 13.2777
1,0,0,0,0,1,1,1,0,1,1,1,1,0,1,0,1,1,0,1,1,0,1,0,1,1,0,0,0,1,0,0,0,1,0,0,0,0,0 : 13.024
1,0,0,1,1,0,1,1,1,0,0,1,0,1,1,0,1,1,0,1,1,0,1,1,1,1,0,0,0,0,1,0,1,1,0,0,0,0,0 : 13.3611
1,0,0,1,1,0,1,0,0,0,1,1,0,0,1,0,0,1,0,1,1,0,1,0,0,0,1,0,0,0,1,1,0,1,0,1,0,0,0 : 13.3611
1,1,1,0,0,1,0,1,0,1,1,1,0,1,0,1,0,0,0,0,0,1,1,1,0,0,1,1,0,0,1,1,0,1,1,0,0,0,1 : 15.4166
1,0,1,0,0,0,1,1,1,0,0,1,1,0,1,0,0,0,0,1,1,0,1,1,0,0,0,0,1,1,1,1,1,0,0,1,0,1,0 : 13.176
1,0,0,1,0,0,0,0,0,0,0,1,0,1,0,0,0,0,0,1,0,1,0,1,0,1,0,0,0,1,0,1,0,1,0,0,0,1,0 : 13.176
1,0,0,1,0,1,0,0,0,1,0,1,1,1,1,1,0,1,0,0,0,1,0,1,0,1,1,0,1,0,1,1,0,1,0,1,1,0,0 : 13.5231
0,1,0,0,0,0,0,0,1,1,1,0,0,0,1,1,0,0,1,1,1,0,0,1,0,0,0,0,0,1,0,1,1,0,0,1,1,1,0 : 13.1776
0,0,0,0,1,0,0,1,0,1,1,1,1,0,0,1,0,1,0,0,0,1,0,1,0,0,1,1,0,0,1,0,0,1,0,0,0,1,1 : 13.2777
1,0,0,0,1,0,0,0,1,0,0,0,1,0,1,1,0,0,0,0,1,1,0,0,0,0,1,1,1,0,0,1,1,0,0,0,0,1,1 : 13.2777
1,0,0,1,0,1,1,1,0,0,1,1,1,1,1,0,1,0,1,0,1,0,0,0,0,0,1,0,0,1,1,1,0,1,0,1,0,1,1 : 13.5915
1,0,0,1,0,0,0,0,0,1,1,0,1,1,1,1,0,0,0,0,0,0,0,0,0,0,1,0,0,1,0,0,0,1,0,0,1,1,1 : 13.2777
0,1,0,0,0,1,0,0,1,0,1,0,0,0,0,0,1,1,0,1,0,1,1,0,0,0,0,0,0,1,0,0,0,0,0,0,0,0,1 : 13.168
1,1,0,1,0,1,0,1,1,0,1,1,1,0,1,1,0,0,0,0,0,0,0,1,1,0,1,0,1,0,1,0,0,1,0,0,0,1,1 : 13.2777
1,0,0,1,1,1,1,0,1,0,0,1,0,0,1,0,0,0,0,1,1,1,1,0,0,1,1,0,1,1,0,1,0,1,1,1,0,0,0 : 13.3611
1,1,0,0,0,1,0,1,0,1,1,1,1,0,0,1,0,1,1,0,1,0,1,0,0,0,0,0,0,0,0,0,0,1,0,0,0,0,0 : 13.2777
0,0,0,1,0,0,0,0,0,1,0,0,0,0,0,1,0,0,1,0,1,0,1,0,0,0,1,1,0,0,1,0,1,0,0,0,1,0,1 : 13.2777
0,0,1,1,0,0,0,0,0,1,1,1,0,0,0,0,0,1,1,1,1,0,0,0,1,1,0,0,1,1,0,0,0,0,0,0,0,1,0 : 13.176
0,0,0,1,1,1,1,1,1,0,0,0,1,1,0,1,0,1,1,0,1,1,0,1,0,0,0,0,1,0,0,0,1,0,0,0,0,0,0 : 13.2777
0,0,0,1,0,1,1,0,0,1,1,1,1,0,0,0,0,1,1,1,0,1,1,0,0,1,0,0,0,0,1,0,1,1,0,0,0,0,1 : 13.024
0,0,0,1,0,0,0,1,0,1,1,1,1,0,0,0,1,1,0,1,1,1,0,0,1,1,0,0,0,1,0,0,1,0,0,0,1,1,1 : 13.176
1,0,0,1,0,0,0,0,0,1,0,0,0,0,0,1,1,1,0,0,1,0,1,1,1,0,1,0,1,0,1,0,1,1,0,0,0,1,1 : 13.2777
1,0,0,1,0,1,1,1,1,0,0,0,0,0,1,1,0,0,1,0,0,1,1,0,0,0,1,0,0,1,1,1,0,1,0,0,0,1,0 : 13.2777
0,1,0,1,1,0,0,1,0,0,0,0,0,1,1,0,1,1,0,1,0,1,1,1,0,1,1,0,0,1,0,0,1,1,0,0,0,0,1 : 13.168
1,0,0,1,1,1,0,0,1,0,0,1,0,0,0,0,1,1,0,0,0,1,1,0,0,1,1,0,1,0,0,0,0,1,0,0,0,0,1 : 13.5231
0,1,0,0,0,0,1,0,0,1,0,0,1,1,1,1,0,0,1,0,1,0,0,0,0,0,1,0,1,0,1,0,0,0,0,1,0,1,1 : 13.2777
0,0,0,1,0,0,0,1,1,0,0,1,0,1,0,0,0,0,0,0,0,1,0,0,0,1,1,0,0,0,0,1,1,0,0,0,0,1,0 : 13.3405
0,1,0,1,1,1,0,1,1,1,1,1,0,0,1,1,0,1,1,1,0,1,1,1,0,1,0,0,0,0,0,1,0,1,1,1,0,0,0 : 13.1698
0,1,0,1,0,1,0,1,0,0,1,1,0,0,1,1,0,0,1,1,0,0,0,1,0,0,0,0,1,0,0,1,0,1,0,1,0,1,0 : 13.1776
0,0,0,0,0,0,1,1,1,0,0,1,0,1,0,0,0,1,1,0,0,1,0,1,1,1,0,0,0,1,1,0,0,1,0,0,1,1,1 : 13.3405
1,0,0,1,0,0,1,0,1,0,0,0,0,0,1,0,1,0,1,1,0,1,1,1,0,0,1,0,1,1,0,0,0,1,0,1,0,0,0 : 13.3611
1,0,1,1,0,0,0,1,1,0,0,1,0,1,1,0,0,1,1,1,0,0,1,0,1,1,0,0,0,0,0,0,1,0,1,1,0,0,0 : 13.1698
0,1,0,0,0,1,0,0,0,1,0,0,1,0,0,1,1,0,1,1,0,0,1,0,0,1,0,0,1,0,0,0,0,0,0,0,0,1,0 : 13.1776
1,1,0,0,0,1,1,1,0,1,1,0,1,0,0,1,0,1,0,1,0,0,1,0,1,1,0,0,0,0,1,0,0,1,0,0,1,0,1 : 13.024
0,1,0,0,0,1,1,0,1,1,0,0,0,1,1,1,0,1,1,0,1,1,0,1,0,0,1,0,1,0,1,0,1,0,1,1,0,0,0 : 13.2777
0,0,0,1,0,0,1,0,1,1,1,0,0,1,0,1,0,1,0,0,1,0,1,1,0,1,1,0,0,0,1,0,1,1,0,1,0,1,1 : 13.3405
1,1,0,0,1,0,0,0,0,0,0,1,0,0,0,1,1,0,1,0,1,0,0,1,0,0,0,0,0,1,1,1,1,0,0,0,1,0,1 : 13.2777
1,1,0,0,1,1,0,1,1,1,1,1,0,1,0,0,0,0,1,0,1,0,0,1,0,1,0,0,1,0,0,0,1,1,0,0,0,1,0 : 13.607
0,1,0,0,1,0,0,0,1,1,1,0,0,1,1,1,0,0,1,1,0,1,1,1,0,0,1,0,1,0,0,0,1,0,0,0,0,0,0 : 13.168
0,1,0,0,0,1,0,1,0,0,1,1,1,1,0,0,0,0,0,1,0,0,1,1,0,1,0,0,0,1,0,1,1,0,0,1,1,1,0 : 13.2188
1,0,0,1,1,0,0,0,1,0,1,1,0,1,1,1,1,0,0,0,1,1,0,1,1,0,1,1,0,0,1,1,1,0,0,0,0,0,0 : 13.2777
1,0,0,0,1,1,0,0,0,1,1,1,0,0,0,1,0,1,0,0,1,1,0,0,1,1,0,0,0,1,1,1,0,1,1,0,0,1,0 : 13.3405
1,0,0,0,0,0,1,0,1,0,1,1,1,0,1,0,1,0,0,0,1,1,1,1,0,1,0,1,0,1,0,0,0,1,0,0,0,0,0 : 13.5508
1,1,0,0,0,1,1,1,1,0,1,1,0,1,0,0,1,1,1,0,0,0,0,0,0,1,1,0,0,0,1,1,1,0,0,0,0,1,0 : 13.3405
0,0,1,1,0,0,0,1,0,1,0,0,1,1,0,0,1,0,1,1,1,1,0,0,1,0,1,0,0,1,0,0,1,1,0,1,0,0,0 : 13.6089
0,0,0,1,0,0,0,1,0,0,1,0,1,0,1,0,0,0,0,1,1,0,0,0,0,0,0,0,0,0,0,0,1,1,0,1,0,1,1 : 13.176
1,1,0,0,0,0,0,0,1,1,0,0,0,0,0,1,0,0,1,0,1,0,0,1,1,0,1,1,0,1,0,0,1,1,0,0,1,0,0 : 13.2777
1,0,0,0,1,1,0,1,0,0,0,1,0,0,0,0,0,1,1,0,0,0,1,0,1,1,0,1,1,0,0,1,1,0,0,0,1,1,0 : 13.607
1,1,0,1,1,1,0,0,1,0,0,1,0,0,0,0,1,0,0,0,1,0,1,1,1,1,0,0,0,0,1,0,0,0,0,0,0,1,1 : 13.3405
0,0,0,1,0,0,1,1,1,0,1,1,1,1,0,1,0,1,0,1,0,1,1,0,1,1,0,0,1,1,1,0,0,1,0,0,0,0,1 : 13.024
1,1,0,1,1,0,1,0,0,0,1,0,1,0,0,0,1,0,0,1,0,0,1,0,1,1,0,0,0,0,1,1,0,1,0,1,1,0,0 : 13.024
0,0,1,0,0,1,0,0,1,0,1,1,0,1,1,0,1,1,0,1,0,1,1,1,1,0,1,0,0,1,0,0,1,1,0,0,0,0,1 : 13.168
1,1,0,0,1,1,0,1,0,1,1,1,0,1,0,1,1,1,0,0,1,0,0,0,0,0,1,0,1,1,0,0,1,0,0,1,1,1,0 : 13.2777
1,0,0,1,0,1,0,1,0,1,0,1,0,1,0,1,0,1,0,1,1,0,1,0,0,0,0,0,1,1,0,0,1,0,0,0,0,0,0 : 13.168
1,1,0,1,0,0,1,1,1,1,0,1,0,0,0,0,1,0,1,1,0,1,1,0,0,1,0,0,1,1,0,0,1,1,0,0,0,0,0 : 13.3611
1,0,0,0,1,0,0,0,1,1,1,0,0,0,1,1,0,0,0,0,1,1,0,1,0,0,1,0,0,1,1,1,0,1,0,1,1,1,0 : 13.2777
1,1,0,1,0,1,1,1,0,1,1,1,1,1,1,1,0,0,1,0,1,0,0,0,0,0,0,0,0,0,0,1,1,0,0,1,0,1,0 : 13.2777
1,1,0,1,1,0,0,0,1,0,1,0,0,1,0,0,1,1,0,0,0,1,1,1,0,0,1,1,0,1,0,1,1,0,0,0,1,0,1 : 13.8915
1,0,0,1,0,1,0,1,0,1,0,1,0,0,1,0,1,1,0,1,0,1,1,0,0,1,0,0,1,0,0,0,0,1,0,1,1,1,1 : 13.176
1,1,0,1,1,1,0,0,0,0,0,0,0,0,1,1,0,0,0,1,0,0,1,1,0,0,0,0,1,0,0,0,0,1,0,0,0,0,0 : 13.168
1,1,0,1,1,0,0,0,0,0,1,1,0,0,1,0,1,0,1,0,0,0,1,0,0,0,0,0,0,0,1,0,0,1,0,1,1,0,1 : 13.5915
0,0,0,0,1,0,0,0,1,0,1,0,0,0,0,1,0,1,0,0,0,1,1,0,0,0,1,0,1,0,0,0,1,0,1,0,0,0,1 : 13.2777
1,1,0,0,0,0,0,0,0,1,1,0,1,0,1,1,0,0,0,0,1,1,0,0,0,0,0,0,0,1,0,0,1,1,0,0,1,0,1 : 13.2777
0,1,1,0,0,1,0,1,0,0,1,0,0,1,1,0,0,0,1,1,0,0,0,1,1,0,1,0,1,1,1,0,0,1,0,0,1,1,1 : 14.2166
0,0,0,1,0,0,1,1,0,0,1,1,1,0,1,1,0,1,1,1,0,0,0,0,0,0,0,1,1,0,0,0,0,0,0,0,1,1,1 : 13.1776
0,1,0,0,1,1,1,0,0,1,0,0,1,0,1,1,1,1,1,0,1,0,0,0,0,0,0,0,0,0,0,0,0,0,0,0,1,0,0 : 13.2777
1,0,0,1,0,1,1,0,1,0,1,1,1,0,1,1,0,1,1,1,0,1,1,0,0,1,1,0,1,1,1,0,0,1,0,1,0,0,0 : 13.024
1,0,0,0,1,0,0,1,0,1,0,0,0,0,1,0,0,1,0,1,1,1,0,0,0,0,0,1,1,0,0,0,0,1,0,0,0,0,1 : 13.7198
0,0,0,1,1,1,0,1,0,0,1,0,0,0,1,1,1,0,1,1,0,0,1,1,0,1,1,0,0,1,0,0,1,0,0,1,0,0,1 : 13.1698
1,1,0,0,1,1,1,0,0,1,0,1,1,0,1,1,0,0,0,0,1,0,1,0,0,0,1,1,0,0,1,1,1,0,0,0,0,1,0 : 13.2777
1,0,0,1,0,0,1,0,0,1,1,0,1,0,1,1,0,0,1,1,1,0,1,1,1,1,0,0,1,1,0,0,1,0,0,0,0,0,1 : 13.024
0,0,0,0,0,1,1,1,1,1,1,0,1,0,1,1,1,0,1,0,1,0,0,0,0,0,1,0,1,0,1,0,1,0,0,1,0,1,1 : 13.2777
1,1,0,1,1,0,0,0,1,1,1,1,1,0,1,1,0,0,0,0,0,0,1,0,0,0,0,0,0,1,0,0,1,1,0,1,1,1,1 : 13.2777
1,0,0,1,1,0,1,0,0,1,1,1,1,1,0,1,1,0,0,0,1,0,0,1,0,0,0,0,0,1,1,1,1,0,0,1,1,0,0 : 13.2777
0,1,0,0,0,0,1,0,0,1,0,0,1,0,1,1,0,0,0,0,1,1,1,1,0,0,1,0,0,1,1,0,0,1,1,0,0,1,0 : 13.2777
1,0,0,0,0,1,1,1,0,0,0,1,1,0,1,0,0,0,0,1,0,1,0,0,0,1,0,0,0,1,0,0,0,0,1,0,0,1,0 : 13.176
0,1,0,1,0,1,0,0,0,1,0,1,0,1,0,1,0,0,0,0,0,0,0,1,0,0,0,1,0,0,1,0,1,1,0,1,0,1,0 : 13.2777
1,0,0,0,0,0,1,0,1,0,0,1,0,0,1,1,0,1,0,0,1,0,0,1,0,0,0,0,1,0,1,0,0,1,0,0,1,0,0 : 13.2777
0,0,0,1,0,1,0,0,0,1,0,1,0,1,1,1,1,0,1,0,0,0,0,1,0,1,1,0,0,1,1,1,1,0,0,0,0,1,1 : 13.3405
