1,0,0,1,0,1,1,0,1,0,0,0,1,0,1,0,1,0,0,1,0,1,1,1,0,1,1,0,1,0,1,0,0,0,1,1,0,0,0 : 13.024
1,0,0,1,0,1,1,0,1,0,0,0,1,0,1,0,1,0,0,1,0,1,1,1,0,1,1,0,1,0,1,0,0,0,1,1,0,0,0 : 13.024
0,0,1,1,0,0,0,0,1,1,1,1,0,0,0,0,0,1,1,1,1,1,0,0,1,1,0,0,1,1,0,0,0,0,0,0,0,1,0 : 13.176
0,0,0,1,0,0,0,1,0,0,1,0,1,0,1,0,0,0,0,1,1,0,0,0,0,0,0,0,0,0,0,0,1,1,0,1,0,1,1 : 13.176
0,0,1,1,0,0,0,0,1,1,1,1,0,0,0,0,0,1,1,1,1,1,0,0,1,1,0,0,1,1,0,0,0,0,0,0,0,1,0 : 13.176
0,0,0,1,0,0,0,1,0,0,1,0,1,0,1,0,0,0,0,1,1,0,0,0,0,0,0,0,0,0,0,0,1,1,0,1,0,1,1 : 13.176
0,0,0,1,0,1,1,1,1,0,1,0,0,0,1,1,1,0,1,1,1,0,1,1,0,0,0,0,0,1,0,0,1,1,0,1,1,1,1 : 13.1776
0,0,0,1,0,1,1,1,1,0,1,0,0,0,1,1,1,0,1,1,1,0,1,1,0,0,0,0,0,1,0,0,1,1,0,1,1,1,1 : 13.1776
1,1,0,1,0,0,1,0,0,0,1,1,0,0,0,0,1,0,1,1,1,1,1,1,0,0,0,0,1,0,1,0,0,1,0,1,0,1,1 : 13.2188
1,1,0,1,0,1,0,1,1,1,1,0,0,0,0,0,1,1,0,1,0,0,1,1,0,1,0,1,1,0,0,0,1,0,0,0,1,1,0 : 13.2188
1,1,1,0,0,0,1,1,1,1,1,1,0,1,0,0,0,0,1,1,0,0,1,0,1,1,0,0,0,1,1,0,0,1,0,1,0,1,1 : 13.2188
1,1,0,1,0,0,1,0,0,0,1,1,0,0,0,0,1,0,1,1,1,1,1,1,0,0,0,0,1,0,1,0,0,1,0,1,0,1,1 : 13.2188
1,1,0,1,0,1,0,1,1,1,1,0,0,0,0,0,1,1,0,1,0,0,1,1,0,1,0,1,1,0,0,0,1,0,0,0,1,1,0 : 13.2188
1,1,1,0,0,0,1,1,1,1,1,1,0,1,0,0,0,0,1,1,0,0,1,0,1,1,0,0,0,1,1,0,0,1,0,1,0,1,1 : 13.2188
0,1,0,0,0,1,1,1,1,1,1,1,0,0,0,1,0,1,0,0,0,1,1,0,0,0,0,1,0,0,1,1,1,0,0,0,0,1,1 : 13.2777
0,0,0,0,0,1,0,0,1,1,0,1,0,0,0,1,0,0,1,0,1,0,0,1,0,0,0,0,1,1,1,0,1,0,0,0,0,1,1 : 13.2777
0,1,0,1,1,1,0,1,1,1,0,1,1,0,0,1,0,1,0,0,0,1,0,0,1,0,1,0,0,1,0,0,1,0,0,1,0,1,1 : 13.2777
1,0,0,1,0,0,0,0,0,1,1,0,1,1,1,1,0,0,0,0,0,1,0,0,0,0,1,0,0,1,0,0,0,1,0,0,1,1,1 : 13.2777
0,0,0,1,1,0,1,1,0,0,0,0,1,1,0,1,0,1,1,0,1,1,0,1,0,0,0,0,1,0,0,0,1,0,0,0,0,0,0 : 13.2777
0,0,0,1,0,1,0,1,1,0,0,0,0,0,1,1,0,0,1,0,0,1,1,0,0,0,1,0,0,1,1,0,0,1,0,0,0,1,0 : 13.2777
1,1,0,0,0,0,0,0,1,1,0,0,0,0,0,1,0,0,1,0,1,0,0,1,1,0,1,1,0,1,0,0,1,1,0,0,1,0,0 : 13.2777
1,1,0,1,0,1,1,1,0,1,0,1,1,1,1,1,0,0,1,0,1,1,0,0,0,0,0,0,0,0,0,1,1,0,0,1,0,0,0 : 13.2777
0,0,0,0,1,0,0,0,1,0,1,0,0,0,0,1,0,1,0,0,0,1,1,0,0,0,1,0,1,1,0,0,1,0,1,0,0,0,1 : 13.2777
1,0,0,1,0,1,1,1,1,0,0,1,1,0,1,1,0,1,1,0,0,0,1,0,1,0,1,0,1,0,1,0,1,1,0,1,0,0,0 : 13.2777
1,1,0,0,1,1,1,0,0,1,0,1,1,0,1,1,0,1,0,0,1,0,1,0,0,0,1,1,0,0,1,1,1,0,0,0,0,1,0 : 13.2777
0,1,0,0,0,0,1,0,0,1,0,0,1,0,1,1,0,0,0,0,1,1,1,1,0,0,1,0,0,1,1,0,0,1,1,0,0,1,0 : 13.2777
0,1,0,0,0,1,1,1,1,1,1,1,0,0,0,1,0,1,0,0,0,1,1,0,0,0,0,1,0,0,1,1,1,0,0,0,0,1,1 : 13.2777
0,0,0,0,0,1,0,0,1,1,0,1,0,0,0,1,0,0,1,0,1,0,0,1,0,0,0,0,1,1,1,0,1,0,0,0,0,1,1 : 13.2777
0,1,0,1,1,1,0,1,1,1,0,1,1,0,0,1,0,1,0,0,0,1,0,0,1,0,1,0,0,1,0,0,1,0,0,1,0,1,1 : 13.2777
1,0,0,1,0,0,0,0,0,1,1,0,1,1,1,1,0,0,0,0,0,1,0,0,0,0,1,0,0,1,0,0,0,1,0,0,1,1,1 : 13.2777
0,0,0,1,1,0,1,1,0,0,0,0,1,1,0,1,0,1,1,0,1,1,0,1,0,0,0,0,1,0,0,0,1,0,0,0,0,0,0 : 13.2777
0,0,0,1,0,1,0,1,1,0,0,0,0,0,1,1,0,0,1,0,0,1,1,0,0,0,1,0,0,1,1,0,0,1,0,0,0,1,0 : 13.2777
1,1,0,0,0,0,0,0,1,1,0,0,0,0,0,1,0,0,1,0,1,0,0,1,1,0,1,1,0,1,0,0,1,1,0,0,1,0,0 : 13.2777
1,1,0,1,0,1,1,1,0,1,0,1,1,1,1,1,0,0,1,0,1,1,0,0,0,0,0,0,0,0,0,1,1,0,0,1,0,0,0 : 13.2777
0,0,0,0,1,0,0,0,1,0,1,0,0,0,0,1,0,1,0,0,0,1,1,0,0,0,1,0,1,1,0,0,1,0,1,0,0,0,1 : 13.2777
1,0,0,1,0,1,1,1,1,0,0,1,1,0,1,1,0,1,1,0,0,0,1,0,1,0,1,0,1,0,1,0,1,1,0,1,0,0,0 : 13.2777
1,1,0,0,1,1,1,0,0,1,0,1,1,0,1,1,0,1,0,0,1,0,1,0,0,0,1,1,0,0,1,1,1,0,0,0,0,1,0 : 13.2777
0,1,0,0,0,0,1,0,0,1,0,0,1,0,1,1,0,0,0,0,1,1,1,1,0,0,1,0,0,1,1,0,0,1,1,0,0,1,0 : 13.2777
1,1,0,0,0,1,1,1,0,0,0,1,0,1,0,1,1,1,0,1,0,0,0,0,0,1,0,0,0,0,1,0,1,0,1,0,0,1,0 : 13.324
1,1,0,0,0,1,1,1,0,0,0,1,0,1,0,1,1,1,0,1,0,0,0,0,0,1,0,0,0,0,1,0,1,0,1,0,0,1,0 : 13.324
1,1,0,1,0,1,0,1,1,0,0,0,1,0,0,1,1,0,1,0,1,0,0,1,0,1,0,0,0,0,0,1,1,0,0,0,0,1,0 : 13.3405
0,1,0,1,1,1,1,0,1,0,1,0,0,1,1,1,0,1,0,0,1,1,0,0,0,1,0,1,0,0,1,0,0,1,0,1,0,1,0 : 13.3405
0,0,0,1,1,1,1,0,0,1,1,1,0,0,0,1,0,1,0,0,1,1,0,1,0,1,1,0,0,1,1,0,0,0,0,1,0,1,0 : 13.3405
1,1,0,1,0,0,0,0,1,1,1,1,1,0,0,1,0,0,0,0,0,0,1,0,0,1,0,1,0,1,0,0,1,1,0,1,1,1,1 : 13.3405
1,0,0,1,1,1,1,0,1,1,0,1,0,0,1,0,0,1,0,0,0,1,0,0,0,1,0,0,0,0,0,0,0,0,1,0,0,1,0 : 13.3405
1,1,0,1,0,1,0,1,1,0,0,0,1,0,0,1,1,0,1,0,1,0,0,1,0,1,0,0,0,0,0,1,1,0,0,0,0,1,0 : 13.3405
0,1,0,1,1,1,1,0,1,0,1,0,0,1,1,1,0,1,0,0,1,1,0,0,0,1,0,1,0,0,1,0,0,1,0,1,0,1,0 : 13.3405
0,0,0,1,1,1,1,0,0,1,1,1,0,0,0,1,0,1,0,0,1,1,0,1,0,1,1,0,0,1,1,0,0,0,0,1,0,1,0 : 13.3405
1,1,0,1,0,0,0,0,1,1,1,1,1,0,0,1,0,0,0,0,0,0,1,0,0,1,0,1,0,1,0,0,1,1,0,1,1,1,1 : 13.3405
1,0,0,1,1,1,1,0,1,1,0,1,0,0,1,0,0,1,0,0,0,1,0,0,0,1,0,0,0,0,0,0,0,0,1,0,0,1,0 : 13.3405
0,0,0,1,1,0,1,0,1,0,1,1,0,1,0,1,0,1,0,1,0,0,1,1,0,1,0,0,0,0,1,0,1,0,0,0,0,0,1 : 13.3611
0,0,0,1,1,0,1,0,1,0,1,1,0,1,0,1,0,1,0,1,0,0,1,1,0,1,0,0,0,0,1,0,1,0,0,0,0,0,1 : 13.3611
1,1,0,1,0,0,0,1,0,0,0,1,1,1,1,1,1,1,0,1,0,1,1,0,0,0,0,0,0,1,1,0,1,1,0,1,0,1,1 : 13.4263
1,1,0,1,0,0,0,1,0,0,0,1,1,1,1,1,1,1,0,1,0,1,1,0,0,0,0,0,0,1,1,0,1,1,0,1,0,1,1 : 13.4263
1,0,0,1,1,0,1,1,0,0,1,1,1,0,0,0,0,1,1,0,1,0,0,0,0,0,0,0,0,0,1,1,0,1,0,1,0,0,0 : 13.5915
1,0,0,1,1,0,1,1,0,0,1,1,1,0,0,0,0,1,1,0,1,0,0,0,0,0,0,0,0,0,1,1,0,1,0,1,0,0,0 : 13.5915
1,0,0,0,1,0,0,0,1,1,0,0,1,0,1,1,0,1,0,0,1,1,0,0,0,1,1,0,1,1,0,1,1,0,0,0,0,1,1 : 13.607
0,1,0,0,1,0,1,1,0,1,0,1,1,1,1,1,1,0,0,0,1,1,0,1,1,1,0,0,1,0,1,0,0,0,0,0,0,1,1 : 13.607
1,1,0,0,1,1,0,1,1,1,1,1,0,1,0,0,0,0,1,0,1,0,0,1,0,1,0,0,1,0,0,0,1,1,0,0,0,1,0 : 13.607
0,0,0,0,1,1,1,0,0,0,1,1,1,0,1,1,0,1,1,0,1,1,0,0,1,1,0,0,1,1,1,0,0,1,0,0,0,1,0 : 13.607
1,1,0,0,1,1,0,0,1,0,0,1,0,0,0,0,0,0,0,0,1,0,1,1,0,1,0,0,1,1,0,0,0,1,0,0,1,1,1 : 13.607
1,0,0,0,1,0,0,0,1,1,0,0,1,0,1,1,0,1,0,0,1,1,0,0,0,1,1,0,1,1,0,1,1,0,0,0,0,1,1 : 13.607
0,1,0,0,1,0,1,1,0,1,0,1,1,1,1,1,1,0,0,0,1,1,0,1,1,1,0,0,1,0,1,0,0,0,0,0,0,1,1 : 13.607
1,1,0,0,1,1,0,1,1,1,1,1,0,1,0,0,0,0,1,0,1,0,0,1,0,1,0,0,1,0,0,0,1,1,0,0,0,1,0 : 13.607
0,0,0,0,1,1,1,0,0,0,1,1,1,0,1,1,0,1,1,0,1,1,0,0,1,1,0,0,1,1,1,0,0,1,0,0,0,1,0 : 13.607
1,1,0,0,1,1,0,0,1,0,0,1,0,0,0,0,0,0,0,0,1,0,1,1,0,1,0,0,1,1,0,0,0,1,0,0,1,1,1 : 13.607
0,1,0,0,0,0,0,0,1,0,0,1,0,1,1,1,0,0,0,1,0,1,0,1,0,0,1,0,0,0,0,0,1,0,0,0,0,0,0 : 13.7198
0,1,0,0,0,0,0,0,0,0,0,1,1,1,1,0,1,0,1,1,0,1,0,1,0,0,0,0,1,0,1,0,0,0,0,1,0,0,1 : 13.7198
0,1,0,0,0,0,0,0,1,0,0,1,0,1,1,1,0,0,0,1,0,1,0,1,0,0,1,0,0,0,0,0,1,0,0,0,0,0,0 : 13.7198
0,1,0,0,0,0,0,0,0,0,0,1,1,1,1,0,1,0,1,1,0,1,0,1,0,0,0,0,1,0,1,0,0,0,0,1,0,0,1 : 13.7198
1,0,0,1,1,0,0,1,1,1,1,1,0,0,0,0,1,1,0,1,1,0,1,0,0,1,1,1,0,1,0,0,0,1,0,0,1,1,1 : 13.7551
1,0,0,1,0,1,0,1,1,0,1,0,1,1,1,0,1,1,1,1,1,0,0,0,1,0,1,0,0,1,1,0,0,1,0,0,0,1,1 : 13.7551
1,0,0,1,0,0,0,1,1,0,1,1,1,0,1,1,0,0,0,1,0,0,0,1,1,0,1,0,1,0,1,1,0,1,0,1,0,1,1 : 13.7551
1,0,0,0,0,0,0,1,0,0,1,1,1,1,0,0,0,1,0,1,0,1,0,1,0,1,1,0,0,1,1,0,1,0,0,0,0,1,1 : 13.7551
1,0,0,0,0,1,0,1,0,1,1,1,0,1,0,1,1,0,1,1,1,1,0,0,0,1,1,0,1,1,1,0,1,0,0,1,1,1,1 : 13.7551
0,0,0,1,0,1,0,0,0,0,1,1,0,1,1,1,1,0,1,1,0,0,0,1,0,1,1,0,0,1,1,1,1,0,0,0,0,1,1 : 13.7551
1,0,0,1,1,0,0,1,1,1,1,1,0,0,0,0,1,1,0,1,1,0,1,0,0,1,1,1,0,1,0,0,0,1,0,0,1,1,1 : 13.7551
1,0,0,1,0,1,0,1,1,0,1,0,1,1,1,0,1,1,1,1,1,0,0,0,1,0,1,0,0,1,1,0,0,1,0,0,0,1,1 : 13.7551
1,0,0,1,0,0,0,1,1,0,1,1,1,0,1,1,0,0,0,1,0,0,0,1,1,0,1,0,1,0,1,1,0,1,0,1,0,1,1 : 13.7551
1,0,0,0,0,0,0,1,0,0,1,1,1,1,0,0,0,1,0,1,0,1,0,1,0,1,1,0,0,1,1,0,1,0,0,0,0,1,1 : 13.7551
1,0,0,0,0,1,0,1,0,1,1,1,0,1,0,1,1,0,1,1,1,1,0,0,0,1,1,0,1,1,1,0,1,0,0,1,1,1,1 : 13.7551
0,0,0,1,0,1,0,0,0,0,1,1,0,1,1,1,1,0,1,1,0,0,0,1,0,1,1,0,0,1,1,1,1,0,0,0,0,1,1 : 13.7551
1,0,1,0,1,0,0,1,0,0,1,0,1,1,0,0,0,1,0,0,1,0,1,0,0,0,0,0,1,1,0,1,1,0,0,1,0,1,0 : 13.8168
1,0,1,0,1,0,0,1,0,0,1,0,1,1,0,0,0,1,0,0,1,0,1,0,0,0,0,0,1,1,0,1,1,0,0,1,0,1,0 : 13.8168
1,0,0,1,1,0,0,0,1,0,1,1,0,1,1,1,1,0,0,1,1,0,0,1,1,0,1,1,0,1,0,1,1,0,0,0,0,0,0 : 13.8408
1,0,0,1,1,0,0,0,1,0,1,1,0,1,1,1,1,0,0,1,1,0,0,1,1,0,1,1,0,1,0,1,1,0,0,0,0,0,0 : 13.8408
0,0,0,1,0,0,1,0,1,1,0,1,1,1,1,1,0,0,1,1,1,1,0,0,0,1,1,0,0,1,0,0,0,0,0,1,0,1,0 : 13.8644
0,0,0,1,0,0,1,0,1,1,0,1,1,1,1,1,0,0,1,1,1,1,0,0,0,1,1,0,0,1,0,0,0,0,0,1,0,1,0 : 13.8644
0,1,0,0,0,1,0,1,0,0,1,1,1,1,0,0,0,1,0,0,0,0,1,1,0,0,0,0,0,1,0,0,0,1,0,0,1,1,0 : 13.87
0,1,0,0,0,1,0,1,0,0,1,1,1,1,0,0,0,1,0,0,0,0,1,1,0,0,0,0,0,1,0,0,0,1,0,0,1,1,0 : 13.87
1,0,0,1,1,1,1,1,0,1,0,1,0,0,1,1,1,0,1,1,0,0,0,0,0,0,0,1,0,1,0,0,1,1,0,1,0,1,0 : 13.8814
0,0,0,0,1,1,1,1,0,1,1,1,1,1,0,1,1,0,0,1,0,1,1,1,0,0,0,1,0,0,1,0,0,1,0,0,1,1,1 : 13.8814
1,1,1,0,1,0,0,1,0,1,0,0,0,0,0,0,0,1,0,1,1,1,0,0,0,0,0,1,1,0,0,0,0,1,0,0,0,1,1 : 13.8814
1,0,0,1,1,1,1,1,0,1,0,1,0,0,1,1,1,0,1,1,0,0,0,0,0,0,0,1,0,1,0,0,1,1,0,1,0,1,0 : 13.8814
0,0,0,0,1,1,1,1,0,1,1,1,1,1,0,1,1,0,0,1,0,1,1,1,0,0,0,1,0,0,1,0,0,1,0,0,1,1,1 : 13.8814
1,1,1,0,1,0,0,1,0,1,0,0,0,0,0,0,0,1,0,1,1,1,0,0,0,0,0,1,1,0,0,0,0,1,0,0,0,1,1 : 13.8814
0,1,0,0,0,0,0,0,1,1,1,0,0,0,1,0,0,0,1,0,1,1,0,1,0,0,0,0,1,1,0,1,1,0,0,1,0,0,0 : 13.8915
0,1,0,0,0,0,0,0,1,1,1,0,0,0,1,0,0,0,1,0,1,1,0,1,0,0,0,0,1,1,0,1,1,0,0,1,0,0,0 : 13.8915
0,1,0,1,0,0,0,0,1,0,1,1,1,1,0,1,1,0,0,0,1,0,0,1,1,1,0,0,1,1,0,0,1,0,0,0,0,0,0 : 13.8916
0,1,0,1,0,0,0,0,1,0,1,1,1,1,0,1,1,0,0,0,1,0,0,1,1,1,0,0,1,1,0,0,1,0,0,0,0,0,0 : 13.8916
