1,1,0,1,0,1,0,1,0,0,1,1,0,0,0,1,1,1,1,1,1,0,1,0,0,0,0,0,0,0,1,0,1,0,0,1,0,1,0 : 13.1776
1,0,0,1,1,0,0,0,0,0,0,1,0,0,0,0,1,0,1,1,0,1,1,0,0,0,0,1,1,0,0,0,1,0,0,1,0,0,1 : 13.1698
1,0,0,0,0,0,0,0,0,1,0,1,1,1,0,0,0,0,1,1,1,1,0,0,0,0,0,1,0,0,1,0,1,1,0,1,0,1,1 : 13.176
1,1,0,1,0,1,0,0,0,1,1,1,1,1,0,1,0,0,0,0,1,0,0,1,0,0,0,0,1,1,0,0,1,0,0,0,0,0,1 : 13.2777
0,1,0,1,0,1,0,0,1,1,1,0,1,0,0,0,1,1,0,1,0,0,0,1,0,1,0,0,1,0,0,0,1,0,0,1,1,1,0 : 13.2188
0,1,0,0,0,1,1,1,1,0,1,1,0,1,1,1,0,1,1,0,1,1,1,0,0,0,1,0,0,1,0,0,1,0,0,0,1,0,0 : 13.2777
0,0,0,1,0,1,1,0,1,0,0,0,0,1,0,1,0,1,0,0,1,1,1,0,0,0,1,1,1,0,0,0,0,1,0,0,0,0,0 : 13.2777
1,1,0,0,1,0,0,1,1,1,1,1,1,0,0,0,1,1,1,1,0,1,0,1,1,1,0,0,1,1,1,1,0,1,0,1,1,1,0 : 13.8814
0,0,0,0,0,0,1,1,1,0,0,0,1,0,0,0,0,0,1,1,0,0,1,1,0,0,0,1,1,0,0,1,0,1,0,0,0,0,0 : 13.9324
0,1,0,0,0,1,0,1,1,1,1,1,0,0,0,1,0,1,0,0,0,1,1,0,0,0,0,1,0,0,1,1,1,0,0,0,0,1,1 : 13.2777
0,1,0,1,1,1,1,0,1,0,1,0,0,1,1,1,0,1,0,0,0,1,0,0,0,0,0,1,0,0,1,0,0,1,0,1,0,1,0 : 13.2777
1,1,0,0,0,0,1,1,1,1,0,0,1,0,1,1,1,0,1,1,1,0,1,0,1,1,0,1,1,0,0,1,1,0,0,1,1,1,0 : 13.1776
1,1,0,1,1,0,0,1,1,1,1,0,1,1,1,1,1,1,1,0,1,1,0,0,0,1,1,0,0,1,0,0,0,1,0,1,0,1,1 : 13.3405
0,0,0,0,1,0,1,1,1,0,1,0,0,0,1,0,0,0,0,0,1,1,0,1,0,1,0,1,0,0,1,0,0,1,0,1,1,1,0 : 13.3405
0,1,0,0,0,1,1,0,1,0,0,1,0,0,0,0,0,1,1,0,0,1,1,1,1,1,0,1,0,1,0,0,0,1,0,0,0,1,0 : 13.3405
1,1,1,0,0,0,1,1,1,1,0,1,0,1,0,0,0,0,1,0,0,0,1,0,1,1,0,0,0,1,1,0,1,1,0,1,0,1,1 : 14.1806
0,0,0,1,1,0,1,1,1,0,1,1,0,1,0,1,1,1,0,0,0,1,1,1,1,0,1,1,0,1,0,1,0,1,0,0,0,1,0 : 13.2777
0,1,0,1,1,1,0,0,0,1,1,1,0,0,1,0,0,1,0,0,0,1,0,1,0,1,0,0,0,1,1,1,0,1,0,1,0,1,0 : 13.3405
0,0,0,1,0,1,1,1,1,1,1,0,0,0,0,1,1,0,1,1,0,1,0,0,0,0,0,0,0,1,1,0,1,1,0,1,1,1,0 : 13.1776
0,1,0,1,0,1,0,0,1,0,1,1,0,0,0,1,0,1,1,1,1,0,0,0,0,0,0,0,1,1,1,0,1,0,0,0,1,1,1 : 13.1776
0,1,0,0,1,1,1,1,1,1,0,1,1,1,0,1,0,1,0,0,0,1,0,0,1,0,1,1,0,1,0,0,1,0,0,1,0,1,1 : 13.2777
1,0,0,0,0,1,1,1,0,1,1,1,1,0,1,0,1,1,0,1,1,0,1,0,1,1,0,0,0,1,0,0,0,1,0,0,0,0,0 : 13.024
0,1,0,1,1,0,1,1,1,1,0,1,0,0,1,1,1,1,0,0,1,1,0,1,0,1,1,0,0,0,0,1,1,0,0,0,1,1,1 : 13.3405
1,1,0,1,0,0,1,0,0,0,1,1,0,0,1,1,1,1,0,0,1,0,1,0,0,0,0,0,0,0,1,1,0,1,0,1,0,1,0 : 13.2777
1,1,0,1,1,0,0,0,1,1,1,1,0,1,0,0,0,0,0,1,0,1,1,1,0,1,0,0,0,0,0,1,0,1,0,0,0,0,1 : 13.168
1,0,1,0,1,0,0,1,0,0,1,1,1,0,0,0,0,1,0,0,1,0,1,1,0,0,0,0,1,1,0,1,1,0,0,1,0,1,0 : 13.8168
0,1,0,1,0,0,0,1,0,1,0,1,0,0,0,1,0,0,0,1,0,0,0,1,0,1,0,1,0,0,1,0,1,1,0,0,1,1,0 : 13.324
1,0,1,1,0,0,0,0,1,1,0,1,1,1,0,1,0,1,0,0,0,0,0,1,0,1,1,0,0,0,1,1,0,1,0,1,1,0,0 : 14.0049
0,0,0,0,1,0,0,1,0,0,1,0,1,1,1,1,0,0,0,0,0,0,0,1,0,0,0,0,1,1,1,1,1,0,0,0,0,0,0 : 13.2777
1,0,0,1,0,1,0,1,1,1,1,1,1,1,0,1,1,0,1,0,0,1,1,1,0,0,0,1,0,0,1,0,0,1,0,0,1,1,0 : 13.2777
1,0,0,0,1,0,0,0,1,0,0,0,1,0,1,1,0,0,0,0,1,1,0,0,0,1,1,0,1,1,0,1,1,0,0,0,0,1,1 : 13.607
1,0,0,1,0,1,0,0,1,0,1,0,1,1,0,1,1,1,0,0,1,0,0,0,1,0,1,0,0,0,1,0,0,0,0,0,1,0,1 : 13.2777
1,0,0,1,0,0,0,0,0,1,1,0,1,1,1,1,0,0,0,0,0,0,0,0,0,0,1,0,0,1,0,0,0,1,0,0,1,1,1 : 13.2777
0,0,1,0,0,1,0,1,0,1,1,0,0,0,1,0,0,1,1,1,1,1,0,0,0,0,1,0,0,0,0,0,0,0,0,1,0,0,0 : 13.6089
1,0,0,0,1,0,0,1,1,0,1,1,1,0,1,1,0,0,0,0,0,1,0,1,1,0,1,0,1,0,1,0,0,0,0,1,0,1,1 : 13.2777
1,0,0,1,0,1,1,0,1,0,0,0,1,0,1,0,1,0,0,0,0,1,1,1,0,1,1,0,0,0,1,0,0,1,0,1,0,0,0 : 13.5508
0,1,1,1,0,0,0,0,0,0,1,1,0,0,1,0,0,1,1,0,1,0,1,0,0,1,0,1,0,1,0,0,0,0,0,1,0,0,0 : 13.7308
0,0,0,1,0,0,0,0,1,1,1,1,1,0,0,0,1,0,1,1,1,1,0,0,0,0,1,0,1,0,0,0,1,1,0,0,1,0,1 : 13.7198
0,0,1,1,0,0,0,0,0,1,1,1,0,0,0,0,0,1,1,1,1,0,0,0,1,1,0,0,1,1,0,0,0,0,0,0,0,1,0 : 13.176
0,0,0,0,0,1,1,1,1,0,1,0,1,0,0,0,0,0,1,1,1,1,1,0,0,0,0,0,1,1,0,0,1,0,0,0,1,1,1 : 13.176
0,0,0,1,0,1,1,0,0,1,1,0,1,0,1,1,0,1,0,1,0,1,0,1,0,1,1,1,1,0,0,1,1,0,1,0,0,0,1 : 16.0462
1,0,0,1,1,0,1,0,0,1,1,1,1,0,0,1,0,0,0,0,1,0,1,0,1,0,1,0,1,0,0,0,1,0,0,0,0,1,1 : 13.2777
1,0,0,1,0,0,0,0,0,1,0,0,0,0,0,1,1,1,0,0,1,0,1,1,1,0,1,0,1,0,1,0,1,1,0,0,0,1,1 : 13.2777
0,0,0,1,0,1,0,1,1,1,1,0,0,0,1,1,0,0,1,1,0,1,1,0,0,0,0,0,0,1,1,0,0,1,0,0,0,0,0 : 13.168
1,0,0,1,0,0,0,0,0,1,0,1,1,1,0,0,0,0,0,1,0,0,1,1,0,1,0,0,0,1,0,0,1,1,0,1,0,1,0 : 13.176
0,0,0,0,0,0,0,1,1,0,1,1,0,0,0,0,1,0,0,1,0,0,0,1,0,1,0,0,1,0,0,0,1,1,1,0,0,1,0 : 13.176
0,0,0,0,0,1,1,0,1,1,1,0,1,1,1,1,0,0,1,1,1,1,0,0,0,1,1,0,0,0,0,0,0,0,0,1,0,1,0 : 13.8644
0,0,0,0,1,1,0,0,1,0,0,1,0,1,1,0,1,0,1,1,1,1,1,0,0,1,1,0,0,1,1,0,1,0,0,0,1,1,1 : 13.7551
0,0,0,1,0,1,0,1,1,1,0,1,0,0,1,1,0,1,1,0,0,1,1,1,0,0,1,0,1,0,0,0,0,1,0,1,1,0,0 : 13.2777
1,0,0,1,1,1,0,0,1,0,0,1,0,0,0,1,0,0,1,0,0,1,0,1,0,1,1,0,0,1,0,1,0,1,0,1,0,1,0 : 13.3405
1,1,0,0,0,0,1,1,0,0,0,1,0,1,0,1,1,1,0,0,0,1,0,1,0,1,0,0,1,1,1,0,0,1,0,0,1,0,0 : 13.5231
1,1,0,1,0,0,1,1,1,0,0,0,1,0,0,0,0,0,0,0,0,1,0,0,1,0,1,0,0,1,0,0,0,1,0,1,0,0,0 : 13.8915
1,0,1,1,0,0,0,1,1,0,0,1,0,1,1,0,0,1,1,1,0,0,1,0,1,1,0,0,0,0,0,0,1,0,1,1,0,0,0 : 13.1698
0,1,0,0,1,0,0,1,0,1,0,1,1,0,1,1,1,1,0,0,0,1,0,1,0,0,0,0,1,0,0,0,1,0,0,0,0,1,1 : 13.2777
1,1,0,1,1,0,0,1,0,1,0,0,0,0,0,0,0,0,1,0,0,0,1,0,0,1,0,0,0,0,1,0,0,1,0,0,1,1,0 : 13.3405
0,1,0,0,0,1,1,0,1,1,0,0,0,1,1,1,0,1,1,0,1,1,0,1,0,0,1,0,1,0,1,0,1,0,1,1,0,0,0 : 13.2777
0,0,0,1,0,0,0,0,1,0,1,1,0,1,1,1,0,0,0,1,0,0,0,1,0,1,0,0,1,0,1,0,1,1,0,0,1,1,1 : 13.324
1,1,0,0,1,1,0,1,0,1,0,1,0,0,0,1,1,0,1,0,1,1,1,1,0,0,0,0,0,1,1,0,0,1,0,1,1,0,1 : 13.2777
1,0,0,0,1,1,0,1,1,1,1,1,0,0,0,0,0,0,1,0,1,1,0,1,0,1,0,0,0,0,0,0,1,1,0,0,0,1,0 : 13.3405
0,0,0,0,0,0,0,0,1,0,0,0,0,1,1,1,0,0,1,1,0,1,0,1,0,0,0,0,1,0,0,0,0,0,0,0,0,1,0 : 13.1776
1,0,0,0,0,1,1,0,0,0,1,1,1,0,1,0,0,1,0,1,0,0,1,1,0,1,0,0,0,1,1,0,0,1,0,0,1,1,0 : 13.176
1,0,0,1,0,0,0,0,0,0,0,1,0,1,1,0,0,1,0,1,0,1,1,1,0,1,0,0,0,1,0,1,1,0,0,1,0,0,0 : 13.1698
1,1,0,1,1,1,1,0,0,0,1,1,0,0,1,1,0,1,1,0,1,1,0,0,1,1,0,0,0,1,1,1,0,1,0,0,0,1,0 : 13.3405
1,1,0,1,0,0,1,0,1,0,1,0,1,0,1,1,0,0,0,0,1,1,1,1,0,0,0,0,1,1,1,0,0,0,0,1,1,1,0 : 13.2777
1,1,0,0,0,1,1,1,0,1,0,1,0,1,0,1,1,1,1,0,0,0,0,0,0,0,1,0,0,0,1,0,0,1,0,0,0,0,0 : 13.2777
1,0,0,1,0,0,0,1,0,0,0,0,1,1,0,0,1,1,1,1,1,1,1,0,0,1,0,0,0,0,0,0,1,1,0,0,0,1,0 : 13.176
0,0,0,1,0,0,0,1,0,0,1,0,1,0,1,0,0,0,0,1,1,0,0,0,0,0,0,0,0,0,0,0,1,1,0,1,0,1,1 : 13.176
1,1,0,0,0,0,0,0,1,1,0,0,0,0,0,1,0,0,1,0,1,0,0,1,1,0,1,1,0,1,0,0,1,1,0,0,1,0,0 : 13.2777
1,1,0,0,1,1,0,1,0,0,0,1,0,0,0,0,1,1,1,0,1,1,1,0,1,1,0,0,0,0,1,0,1,0,0,0,1,1,0 : 13.3405
0,1,0,0,1,1,0,1,1,0,0,1,0,0,0,0,0,0,0,0,1,0,1,1,0,1,0,0,0,1,1,0,0,1,0,0,1,1,1 : 13.3405
1,0,0,0,1,1,0,1,0,0,1,1,0,1,0,1,0,1,0,0,0,1,0,1,0,0,0,0,0,0,1,0,1,1,0,0,0,1,1 : 13.2777
1,1,0,1,0,1,0,0,1,0,0,0,0,0,1,0,1,1,0,0,1,1,1,0,1,1,0,0,0,0,1,1,0,1,0,1,1,0,1 : 13.5231
0,0,1,1,0,0,0,0,1,1,1,0,1,0,1,0,1,1,1,0,0,1,1,0,1,0,1,0,0,1,0,0,1,1,0,0,1,0,1 : 13.7308
0,0,0,0,0,1,0,1,1,0,1,1,0,1,0,0,1,0,0,1,0,0,0,0,0,1,0,0,1,1,1,0,1,1,0,1,1,1,1 : 13.176
1,0,0,1,0,1,0,1,0,0,0,1,1,0,0,0,0,1,0,1,1,0,0,1,0,0,0,0,1,1,0,0,1,0,0,0,1,1,0 : 13.176
0,0,0,1,0,1,1,1,1,0,1,1,1,1,0,0,1,0,0,1,0,1,1,1,0,1,0,1,0,0,1,0,1,0,0,0,1,1,1 : 13.176
1,1,1,1,0,0,0,1,0,0,0,1,1,0,0,0,1,1,1,0,1,1,0,0,0,0,1,0,1,0,1,1,0,1,0,1,1,0,0 : 13.7308
1,1,0,1,0,1,1,1,0,1,1,1,1,1,1,1,0,0,1,0,1,0,0,0,0,0,0,0,0,0,0,1,1,0,0,1,0,1,0 : 13.2777
1,1,0,1,1,0,0,0,1,0,1,1,1,1,0,1,1,1,0,0,0,1,1,1,0,0,1,1,0,1,0,1,1,0,0,0,0,0,1 : 13.2777
1,0,0,1,0,0,0,0,1,1,1,1,0,0,1,0,0,0,1,1,1,1,1,1,0,0,1,0,1,1,1,0,1,1,0,0,0,0,0 : 13.168
1,1,0,1,0,1,0,0,0,0,1,0,0,0,1,0,1,0,0,1,0,0,1,1,0,0,0,0,1,0,0,0,0,1,0,0,0,0,1 : 13.168
0,0,1,1,0,0,0,0,0,0,0,0,1,1,0,0,0,0,0,1,0,1,1,0,0,0,1,0,0,0,0,1,1,0,0,1,1,1,1 : 13.7551
0,0,0,0,1,0,0,0,0,0,1,1,0,0,0,1,0,1,0,1,0,1,1,0,0,0,1,0,1,0,0,0,1,0,0,0,0,0,0 : 13.168
1,0,0,0,1,0,0,0,0,1,0,0,1,1,0,0,1,0,1,1,0,0,0,0,0,0,0,0,1,0,1,0,1,1,0,1,0,0,1 : 13.6338
0,1,1,1,0,0,0,1,0,1,1,0,0,1,0,0,0,0,1,0,0,0,0,0,0,1,0,0,0,1,1,0,0,0,0,0,1,0,0 : 13.7308
0,0,0,1,0,0,1,1,1,1,1,1,0,1,1,0,0,1,0,1,0,0,0,1,0,0,0,1,1,0,0,0,0,1,0,0,1,1,1 : 13.176
0,1,0,1,1,1,1,1,0,0,0,0,1,0,0,0,1,1,1,0,1,1,0,0,1,1,0,0,1,0,0,1,0,1,0,0,1,0,1 : 13.5231
1,0,0,1,0,1,1,1,1,0,0,1,1,0,1,1,0,1,1,0,0,0,1,0,1,0,1,0,1,0,0,0,1,1,0,1,0,0,0 : 13.2777
1,0,0,0,1,0,0,1,1,1,0,0,0,0,0,0,0,0,0,0,0,1,0,1,0,1,1,1,0,1,0,0,1,1,0,0,0,1,1 : 13.3405
1,1,0,1,0,1,1,1,1,0,0,1,0,0,1,0,0,0,0,1,1,0,1,1,0,0,0,0,0,1,0,0,1,1,0,0,1,1,1 : 13.2188
1,1,0,0,1,1,1,0,0,1,0,1,1,0,1,1,0,0,0,0,1,0,1,0,0,0,1,1,0,0,1,1,1,0,0,0,0,1,0 : 13.2777
1,0,0,1,0,1,1,0,0,1,1,1,0,0,0,0,0,1,0,1,0,1,0,1,0,1,0,0,0,0,1,0,0,1,0,0,1,1,1 : 13.176
0,0,0,1,1,1,0,0,0,0,1,0,1,0,0,1,0,1,1,0,0,1,1,0,1,1,0,0,0,0,1,0,1,0,0,0,0,1,0 : 13.3405
1,0,0,1,0,0,0,0,0,1,1,1,1,0,0,1,0,0,1,1,0,0,1,0,0,1,0,1,0,1,0,0,1,1,0,0,1,1,1 : 13.1776
0,0,0,1,0,1,0,0,1,0,1,1,1,0,0,1,0,0,0,1,1,0,1,0,0,1,0,0,0,0,0,0,0,0,0,1,1,1,1 : 13.4263
0,1,0,0,0,0,1,0,0,1,0,0,1,0,1,1,0,0,0,0,1,1,1,1,0,0,1,0,0,1,1,0,0,1,1,0,0,1,0 : 13.2777
1,0,0,0,1,1,1,1,0,1,0,1,0,0,1,0,0,1,0,0,0,1,0,0,0,1,0,0,0,1,0,0,0,0,1,0,0,1,0 : 13.3405
0,1,0,0,0,1,0,0,0,0,0,0,1,0,1,0,1,1,1,0,0,1,0,0,0,1,1,0,0,1,1,0,0,1,0,1,1,0,0 : 13.5231
0,0,1,0,0,0,1,1,0,0,1,0,0,0,1,0,0,1,0,0,1,0,0,1,0,1,0,0,1,1,1,1,0,1,0,0,0,0,1 : 14.6814
0,0,0,1,0,1,0,1,0,1,0,1,0,1,1,1,1,0,1,0,1,0,0,1,0,0,0,0,0,1,1,0,1,1,0,0,0,1,1 : 13.2777
