0,1,0,0,0,1,0,1,1,0,0,0,0,1,1,0,0,0 : 0.36
0,1,0,0,0,1,0,1,1,0,0,0,0,1,1,0,0,0 : 0.36
0,1,0,0,0,1,0,1,1,0,0,0,0,1,1,0,0,0 : 0.36
0,1,1,1,0,0,0,1,1,0,0,0,0,1,0,0,0,1 : 0.36
0,1,0,0,0,1,0,1,1,0,0,0,0,1,1,0,0,0 : 0.36
0,1,0,0,0,1,0,1,1,0,0,0,0,1,1,0,0,0 : 0.36
0,1,0,0,0,1,0,1,1,0,0,0,0,1,1,0,0,0 : 0.36
0,1,1,1,0,0,0,1,1,0,0,0,0,1,0,0,0,1 : 0.36
0,1,0,0,1,1,0,1,1,0,0,0,0,1,0,1,0,0 : 0.3636
0,1,0,0,1,1,0,1,1,0,0,0,0,1,0,1,0,0 : 0.3636
0,1,0,0,1,1,0,1,1,0,0,0,0,1,0,1,0,0 : 0.3636
0,1,0,0,1,1,0,1,1,0,0,0,0,1,0,1,0,0 : 0.3636
0,1,0,0,1,1,0,1,1,0,0,0,0,1,0,1,0,0 : 0.3636
0,1,0,0,1,1,0,1,1,0,0,0,0,1,0,1,0,0 : 0.3636
0,0,1,1,0,1,0,1,0,1,0,0,0,1,0,1,0,0 : 0.4453
0,0,1,0,1,0,0,1,0,1,0,0,0,1,0,1,0,0 : 0.4453
0,0,1,1,0,1,0,1,0,1,0,0,0,1,0,1,0,0 : 0.4453
0,0,0,0,1,0,0,1,0,1,0,0,0,1,0,1,0,0 : 0.4453
0,0,1,1,0,1,0,1,0,1,0,0,0,1,0,1,0,0 : 0.4453
0,0,1,0,1,0,0,1,0,1,0,0,0,1,0,1,0,0 : 0.4453
0,0,1,1,0,1,0,1,0,1,0,0,0,1,0,1,0,0 : 0.4453
0,0,0,0,1,0,0,1,0,1,0,0,0,1,0,1,0,0 : 0.4453
0,0,0,0,0,0,0,1,0,1,0,0,0,1,0,0,1,0 : 0.4478
0,0,0,0,0,0,0,1,0,1,0,0,0,1,0,0,1,0 : 0.4478
0,0,0,0,0,0,0,1,0,1,0,0,0,1,0,0,1,0 : 0.4478
0,0,0,0,0,0,0,1,0,1,0,0,0,1,0,0,1,0 : 0.4478
0,0,0,0,0,0,0,1,0,1,0,0,0,1,0,0,1,0 : 0.4478
0,0,0,0,0,0,0,1,0,1,0,0,0,1,0,0,1,0 : 0.4478
0,0,0,0,0,0,0,1,0,1,0,0,0,1,0,0,1,0 : 0.4478
0,0,0,0,0,0,0,1,0,1,0,0,0,1,0,0,1,0 : 0.4478
0,0,0,1,0,1,1,1,0,1,0,0,0,1,0,0,0,1 : 0.4767
0,0,0,1,0,0,1,1,0,1,0,0,0,1,0,1,0,0 : 0.4767
0,0,0,1,0,1,1,1,0,1,0,0,0,1,0,0,0,1 : 0.4767
0,0,0,1,0,0,1,1,0,1,0,0,0,1,0,1,0,0 : 0.4767
0,0,1,0,0,0,1,1,0,0,1,0,0,1,0,0,1,0 : 0.5096
0,0,1,0,0,0,1,1,0,0,1,0,0,1,0,0,1,0 : 0.5096
0,0,1,0,0,0,1,1,0,0,1,0,0,1,0,0,1,0 : 0.5096
0,0,1,0,0,0,1,1,0,0,1,0,0,1,0,0,1,0 : 0.5096
0,0,1,0,0,1,0,1,1,0,0,0,0,1,0,1,0,0 : 0.5128
0,0,0,0,0,1,0,1,1,0,0,0,0,1,0,1,0,0 : 0.5128
0,0,1,0,1,0,0,1,1,0,0,0,0,1,1,0,0,0 : 0.5128
0,0,1,0,0,1,0,1,1,0,0,0,0,1,0,1,0,0 : 0.5128
0,0,1,0,1,0,0,1,1,0,0,0,0,1,1,0,0,0 : 0.5128
0,0,1,0,0,1,0,1,1,0,0,0,0,1,0,1,0,0 : 0.5128
0,0,0,0,1,0,0,1,1,0,0,0,0,1,1,0,0,0 : 0.5128
0,0,1,0,0,1,0,1,1,0,0,0,0,1,0,1,0,0 : 0.5128
0,0,0,0,0,1,0,1,1,0,0,0,0,1,0,1,0,0 : 0.5128
0,0,1,0,1,0,0,1,1,0,0,0,0,1,1,0,0,0 : 0.5128
0,0,1,0,0,1,0,1,1,0,0,0,0,1,0,1,0,0 : 0.5128
0,0,1,0,1,0,0,1,1,0,0,0,0,1,1,0,0,0 : 0.5128
0,0,1,0,0,1,0,1,1,0,0,0,0,1,0,1,0,0 : 0.5128
0,0,0,0,1,0,0,1,1,0,0,0,0,1,1,0,0,0 : 0.5128
0,1,1,1,0,0,0,1,0,1,0,0,0,1,0,1,0,0 : 0.5155
0,1,0,0,0,0,0,1,0,1,0,0,0,1,0,0,0,1 : 0.5155
0,1,0,0,0,0,0,1,0,1,0,0,0,1,0,0,0,1 : 0.5155
0,1,1,1,0,0,0,1,0,1,0,0,0,1,1,0,0,0 : 0.5155
0,1,1,1,0,0,0,1,0,1,0,0,0,1,0,1,0,0 : 0.5155
0,1,0,0,0,0,0,1,0,1,0,0,0,1,0,0,0,1 : 0.5155
0,1,0,0,0,0,0,1,0,1,0,0,0,1,0,0,0,1 : 0.5155
0,1,1,1,0,0,0,1,0,1,0,0,0,1,1,0,0,0 : 0.5155
0,1,1,0,1,1,1,1,0,1,0,0,0,1,1,0,0,0 : 0.5284
0,1,1,0,1,1,1,1,0,1,0,0,0,1,1,0,0,0 : 0.5284
0,1,1,0,1,1,1,1,0,1,0,0,0,1,1,0,0,0 : 0.5284
0,1,1,0,1,1,1,1,0,1,0,0,0,1,1,0,0,0 : 0.5284
0,1,1,0,0,0,1,1,0,1,0,0,0,1,1,0,0,0 : 0.5394
0,1,1,0,0,0,1,1,0,1,0,0,0,1,1,0,0,0 : 0.5394
0,0,1,1,0,1,1,1,1,0,0,0,0,1,0,1,0,0 : 0.5833
0,0,1,1,1,1,1,1,1,0,0,0,0,1,0,0,0,1 : 0.5833
0,0,1,1,0,0,1,1,1,0,0,0,0,1,0,1,0,0 : 0.5833
0,0,1,1,1,1,1,1,1,0,0,0,0,1,0,1,0,0 : 0.5833
0,0,1,1,0,1,1,1,1,0,0,0,0,1,0,1,0,0 : 0.5833
0,0,1,1,1,1,1,1,1,0,0,0,0,1,0,0,0,1 : 0.5833
0,0,1,1,0,0,1,1,1,0,0,0,0,1,0,1,0,0 : 0.5833
0,0,1,1,1,1,1,1,1,0,0,0,0,1,0,1,0,0 : 0.5833
0,0,1,1,1,1,0,1,0,0,0,1,0,1,1,0,0,0 : 0.6286
0,0,0,1,1,1,0,1,0,0,0,1,0,1,0,0,1,0 : 0.6286
0,0,0,1,1,1,0,1,0,0,0,1,0,1,0,0,1,0 : 0.6286
0,0,0,1,0,1,0,1,0,0,0,1,0,1,0,0,1,0 : 0.6286
0,0,0,1,1,1,0,1,0,0,0,1,0,1,1,0,0,0 : 0.6286
0,0,1,1,1,1,0,1,0,0,0,1,0,1,1,0,0,0 : 0.6286
0,0,0,1,1,1,0,1,0,0,0,1,0,1,0,0,1,0 : 0.6286
0,0,0,1,1,1,0,1,0,0,0,1,0,1,0,0,1,0 : 0.6286
0,0,0,1,0,1,0,1,0,0,0,1,0,1,0,0,1,0 : 0.6286
0,0,0,1,1,1,0,1,0,0,0,1,0,1,1,0,0,0 : 0.6286
0,0,1,0,1,1,1,1,0,0,0,1,0,1,0,0,1,0 : 0.6411
0,0,1,0,1,1,1,1,0,0,0,1,0,1,0,0,1,0 : 0.6411
0,0,1,0,1,1,1,1,0,0,0,1,0,1,0,0,1,0 : 0.6411
0,0,1,0,1,1,1,1,0,0,0,1,0,1,0,0,1,0 : 0.6411
0,0,1,0,1,1,1,1,0,0,0,1,0,1,0,0,1,0 : 0.6411
0,0,1,0,1,1,1,1,0,0,0,1,0,1,0,0,1,0 : 0.6411
0,1,0,1,1,1,0,1,0,0,1,0,0,1,1,0,0,0 : 0.7489
0,1,0,0,1,1,0,1,0,0,1,0,0,1,0,0,0,1 : 0.7489
0,1,0,1,1,1,0,1,0,0,1,0,0,1,1,0,0,0 : 0.7489
0,1,0,0,1,1,0,1,0,0,1,0,0,1,0,0,0,1 : 0.7489
0,0,1,0,0,1,1,1,0,0,1,0,0,1,0,0,0,1 : 0.773
0,0,0,0,1,1,1,1,0,0,1,0,0,1,0,0,0,1 : 0.773
0,0,0,0,1,1,1,1,0,0,1,0,0,1,0,0,0,1 : 0.773
0,0,1,0,0,1,1,1,0,0,1,0,0,1,0,0,0,1 : 0.773
0,0,0,0,1,1,1,1,0,0,1,0,0,1,0,0,0,1 : 0.773
0,0,1,0,0,0,1,1,0,0,1,0,0,1,0,0,0,1 : 0.773
