1,1,0,0,0,1,1,1,1,0,0,0,0,0,0,1,1,0,1,0,1,1,0,1,0,0,0,0,1,0,0,1,1,0,0,0,0,1,1 : 13.2777
1,0,0,1,0,1,1,0,0,0,0,1,0,0,0,1,1,0,1,1,0,0,1,1,0,0,0,0,1,0,1,0,1,1,0,1,0,1,0 : 13.1776
1,1,0,0,0,0,0,1,0,1,1,1,0,1,0,1,0,0,1,0,0,1,0,1,0,0,0,1,0,0,1,0,1,1,0,0,0,0,1 : 13.2777
0,1,0,1,0,0,0,0,0,0,1,1,1,1,0,1,1,0,0,0,1,0,0,1,0,0,0,0,1,1,0,0,0,0,0,0,1,0,0 : 13.2777
1,0,0,1,0,1,0,1,1,1,1,0,0,0,1,0,1,0,0,1,0,0,1,1,0,0,0,1,1,0,0,1,1,0,0,0,0,1,0 : 13.176
0,1,0,0,0,1,0,1,1,0,0,1,0,1,1,0,1,1,1,1,0,1,1,0,0,0,1,0,0,0,0,0,0,1,0,0,0,0,1 : 13.168
1,0,0,1,0,0,1,0,1,1,0,0,0,0,1,1,1,0,0,0,0,0,1,0,0,0,0,1,0,0,1,0,1,1,0,0,0,0,0 : 13.2777
1,1,0,1,1,0,1,1,1,0,0,1,0,1,0,1,0,0,1,0,0,1,0,0,0,0,0,0,0,0,1,0,1,1,0,1,0,1,0 : 13.2777
0,0,0,1,0,0,1,1,1,0,0,0,1,0,0,1,0,0,1,0,0,0,1,1,0,0,0,1,1,0,0,0,0,1,1,0,1,0,0 : 13.2777
0,1,0,0,0,1,0,0,0,1,1,0,0,0,0,1,0,0,1,1,0,1,1,1,0,0,0,1,1,0,0,1,1,0,0,0,0,0,0 : 13.168
0,1,0,1,1,1,1,0,1,0,1,0,0,1,1,1,0,1,0,0,0,1,0,0,0,0,0,1,0,0,1,0,0,1,0,1,0,1,0 : 13.2777
1,1,0,0,1,0,1,1,1,1,0,0,1,0,1,0,1,1,1,1,1,0,1,0,1,1,0,1,1,0,0,0,1,1,1,0,1,0,0 : 13.024
1,0,0,1,0,0,1,0,1,0,1,1,0,1,0,1,1,1,0,0,1,0,1,0,0,0,1,1,0,1,0,1,0,1,0,0,1,1,0 : 13.2777
0,1,1,1,0,0,0,1,1,0,0,1,0,0,0,1,0,0,1,1,1,0,0,1,0,1,0,0,0,1,0,0,0,0,0,0,1,1,1 : 13.1776
0,0,0,0,0,0,1,1,1,0,1,1,1,1,1,0,0,1,1,1,0,0,1,0,1,1,0,0,0,0,0,0,0,0,1,1,0,0,0 : 13.024
1,0,0,1,0,0,1,1,1,1,1,0,1,0,1,0,0,0,1,1,1,0,1,0,0,1,0,0,1,0,0,0,1,0,0,1,1,0,1 : 13.024
0,1,0,1,0,1,1,0,1,1,0,1,1,0,1,1,1,0,0,0,1,1,0,0,0,0,1,0,0,1,0,1,0,1,0,1,0,1,0 : 13.2777
0,0,0,0,0,1,0,1,0,1,0,1,0,1,1,0,0,0,0,1,1,1,0,1,0,1,0,0,0,1,1,0,0,1,0,1,0,1,0 : 13.176
0,0,0,1,1,0,1,1,0,1,0,1,0,0,1,1,1,1,1,0,0,1,1,0,0,0,0,1,0,1,0,0,1,1,0,1,0,1,0 : 13.2777
0,0,0,0,0,1,0,1,0,1,0,1,0,1,0,0,1,0,1,1,1,0,1,1,0,0,0,0,0,1,1,0,1,1,0,0,1,1,1 : 13.176
0,1,0,0,1,1,1,1,1,1,0,1,1,1,0,1,0,1,0,0,0,1,0,0,1,0,1,1,0,1,0,0,1,0,0,1,0,1,1 : 13.2777
1,0,0,0,0,1,1,1,0,1,1,1,1,0,1,0,1,1,0,1,1,0,1,0,1,1,0,0,0,1,0,0,0,1,0,0,0,0,0 : 13.024
0,0,0,0,1,1,0,0,0,1,0,1,0,1,1,0,1,1,0,1,1,0,1,1,1,1,0,1,1,0,0,0,1,1,0,0,0,0,0 : 13.168
1,0,0,0,1,1,1,0,0,0,1,1,1,0,0,1,0,1,0,0,1,0,1,0,0,0,0,0,0,0,1,0,0,0,0,1,0,1,0 : 13.2777
1,1,0,0,0,1,0,1,0,1,1,1,0,1,0,1,0,0,0,0,0,1,1,0,1,0,1,1,0,0,1,1,0,1,1,0,0,0,1 : 13.2777
1,0,0,0,1,0,0,1,0,0,0,0,1,0,0,1,0,1,0,0,1,0,1,1,0,0,0,0,0,1,1,1,1,0,0,1,1,1,0 : 13.2777
0,1,0,1,0,0,0,1,0,1,0,1,0,0,0,1,0,0,0,1,0,0,0,1,0,1,0,1,0,0,1,0,1,1,0,0,1,1,0 : 13.324
1,0,0,1,0,0,0,1,1,0,1,1,0,1,0,1,0,0,0,0,0,0,0,1,0,0,0,0,1,0,1,1,1,0,0,1,1,0,1 : 13.2777
0,1,0,0,1,1,0,1,1,1,1,1,0,0,1,1,0,1,1,1,1,1,1,1,0,0,1,0,0,0,0,1,1,0,0,0,0,0,0 : 13.168
1,1,0,0,0,1,0,1,0,1,1,1,1,1,0,1,1,0,1,1,0,1,0,1,0,1,0,0,0,1,1,0,0,1,0,1,1,1,1 : 13.1776
0,0,0,1,1,1,1,0,1,1,0,0,1,1,1,1,0,0,0,0,0,1,0,0,0,1,1,0,0,1,0,1,1,0,0,0,0,1,1 : 13.3405
1,0,0,1,0,1,0,1,1,0,1,0,1,1,1,0,1,1,1,1,0,0,0,0,0,0,0,0,0,1,1,0,0,1,0,1,0,1,1 : 13.176
1,0,0,1,0,0,0,0,1,1,1,1,0,1,1,0,1,1,0,1,0,0,0,0,0,0,0,0,0,1,0,1,0,1,0,1,1,1,0 : 13.176
0,1,0,1,0,1,0,1,1,1,1,1,0,0,0,1,1,1,1,1,1,0,0,1,0,1,0,0,0,0,1,0,1,1,0,1,0,1,0 : 13.1776
1,0,0,1,0,0,0,1,1,0,1,1,1,0,1,1,0,0,0,0,1,0,0,1,0,0,1,0,1,0,0,0,0,1,0,0,0,1,0 : 13.2777
0,1,0,1,0,0,1,1,1,0,1,0,0,1,1,0,1,0,0,0,0,1,0,1,1,1,0,0,1,0,1,1,0,1,0,0,0,0,1 : 13.5508
1,1,0,0,1,1,0,1,1,1,1,0,0,1,0,1,0,0,1,0,0,0,0,0,0,0,0,0,0,1,0,0,0,1,0,1,1,0,0 : 13.2777
1,1,0,1,0,0,1,1,1,1,0,1,0,0,1,1,1,1,0,1,1,1,1,1,0,0,1,0,0,0,0,1,1,0,0,0,1,0,1 : 14.0745
0,0,1,1,0,0,0,0,0,1,1,1,0,0,0,0,0,1,1,1,1,0,0,0,1,1,0,0,1,1,0,0,0,0,0,0,0,1,0 : 13.176
0,0,0,1,1,1,1,1,1,0,0,0,1,1,0,1,0,1,1,0,1,1,0,1,0,0,0,0,1,0,0,0,1,0,0,0,0,0,0 : 13.2777
0,1,0,1,0,0,0,0,0,1,1,1,1,0,1,1,1,1,1,1,0,1,0,1,0,1,1,1,1,0,0,1,1,0,0,0,1,0,1 : 13.7198
1,1,0,1,1,0,1,1,0,0,0,0,1,0,0,1,0,0,1,0,1,0,0,0,0,0,0,1,0,1,0,0,1,1,0,1,0,1,1 : 13.2777
1,0,0,1,0,0,0,0,0,1,0,0,0,0,0,1,1,1,0,0,1,0,1,1,1,0,1,0,1,0,1,0,1,1,0,0,0,1,1 : 13.2777
1,0,0,1,0,1,1,1,1,0,0,1,0,0,1,1,0,0,1,1,0,1,1,0,0,0,0,0,1,1,0,1,0,1,0,0,0,1,0 : 13.1776
1,1,0,1,0,1,0,1,0,0,1,1,0,0,1,0,1,1,0,1,0,1,1,1,0,0,0,0,1,1,1,0,0,1,0,0,0,0,0 : 13.168
1,1,1,1,0,0,0,1,1,1,0,1,0,0,0,0,0,0,1,1,0,1,0,0,1,1,0,0,1,1,0,0,1,1,0,1,0,1,1 : 13.2188
0,0,0,0,0,1,1,0,0,1,1,0,1,0,1,1,1,0,1,1,0,0,1,0,0,1,1,0,1,0,1,0,0,1,0,1,0,0,0 : 13.024
1,0,0,1,1,1,0,0,1,0,0,0,0,0,0,1,0,0,1,1,1,1,1,0,0,1,0,0,1,1,1,0,1,0,0,0,0,0,1 : 13.168
1,0,0,0,0,1,0,1,1,1,0,0,1,0,1,0,0,0,1,1,0,1,1,0,0,1,0,0,0,0,1,0,1,1,0,0,1,1,1 : 13.176
1,0,0,1,0,0,1,0,0,1,1,0,1,0,1,0,0,0,1,1,1,1,0,0,0,0,0,1,0,1,0,0,0,1,1,0,0,1,0 : 13.176
1,0,0,0,1,0,0,1,1,0,0,1,1,0,0,1,1,0,0,0,0,0,1,1,0,1,1,0,1,1,0,1,1,0,0,0,0,1,0 : 13.607
1,0,0,1,0,0,1,1,1,0,0,0,0,0,1,1,0,0,1,0,0,1,1,0,1,0,1,0,0,1,0,0,1,1,1,1,0,0,0 : 13.2777
1,0,1,1,0,0,0,1,1,0,0,1,0,1,1,0,0,1,1,1,0,0,1,0,1,1,0,0,0,0,0,0,1,0,1,1,0,0,0 : 13.1698
0,0,0,0,0,0,0,0,0,1,0,1,1,1,1,0,1,0,1,1,0,0,1,1,0,1,0,0,0,0,0,0,0,1,0,0,0,1,1 : 13.176
1,0,0,1,0,0,1,0,1,1,0,0,1,0,0,0,0,0,0,1,0,0,1,0,0,0,0,0,1,1,0,0,1,1,0,1,0,1,1 : 13.176
0,1,0,0,0,1,1,0,1,1,0,0,0,1,1,1,0,1,1,0,1,1,0,1,0,0,1,0,1,0,1,0,1,0,1,1,0,0,0 : 13.2777
1,0,0,0,1,0,1,0,0,1,1,1,1,1,0,1,0,1,0,1,0,0,1,1,0,1,0,0,0,0,0,0,0,0,0,0,0,0,1 : 13.024
1,1,0,1,0,1,0,0,0,0,0,1,1,0,0,1,0,0,1,1,0,0,1,1,0,0,0,0,0,1,0,0,1,1,0,1,1,1,1 : 13.1776
1,1,0,1,1,1,0,1,1,1,1,1,0,1,0,0,0,0,1,0,1,0,0,0,0,1,0,0,0,0,0,0,1,1,0,1,0,1,0 : 13.3405
0,1,0,0,0,1,0,0,1,1,0,0,0,0,1,1,1,0,0,1,0,1,1,1,0,1,1,0,1,0,1,0,1,0,0,0,0,0,0 : 13.168
0,0,0,1,0,1,0,1,1,0,1,1,0,1,0,1,0,1,0,0,0,0,1,1,0,0,0,0,0,1,1,0,0,1,0,0,1,1,0 : 13.2777
1,0,0,1,1,0,0,0,1,0,1,1,0,1,1,1,1,0,0,1,1,1,0,1,1,0,1,1,0,1,0,1,1,0,0,0,0,0,0 : 13.7198
1,0,0,1,1,1,1,0,1,0,0,0,0,1,0,1,1,1,1,0,1,1,1,0,0,0,0,0,0,1,1,1,0,1,0,0,0,1,0 : 13.2777
1,1,0,1,1,1,0,0,1,1,1,1,0,0,1,1,1,0,1,0,1,1,1,1,1,0,1,0,1,0,0,1,1,0,0,0,0,0,0 : 13.2777
0,0,0,1,0,0,1,1,1,1,0,1,0,1,1,1,1,1,0,0,1,0,0,0,0,0,0,1,0,1,0,0,1,1,1,0,0,1,0 : 13.2777
1,0,0,1,1,0,0,1,0,0,0,1,0,1,1,0,1,0,0,1,0,0,1,0,0,0,1,1,0,1,0,0,1,1,0,0,0,0,0 : 13.168
0,0,0,1,0,0,0,1,0,0,1,0,1,0,1,0,0,0,0,1,1,0,0,0,0,0,0,0,0,0,0,0,1,1,0,1,0,1,1 : 13.176
1,1,0,0,0,0,0,0,1,1,0,0,0,0,0,1,0,0,1,0,1,0,0,1,1,0,1,1,0,1,0,0,1,1,0,0,1,0,0 : 13.2777
1,0,0,0,1,1,0,1,0,0,0,1,0,0,0,0,0,1,1,0,0,0,1,0,1,1,0,1,1,0,0,1,1,0,0,0,1,1,0 : 13.607
1,1,0,0,1,1,0,0,1,0,0,1,0,0,0,0,0,0,0,0,1,0,1,1,0,1,0,0,1,1,1,0,0,1,0,0,1,1,1 : 13.607
1,0,0,1,0,0,0,1,0,0,1,1,0,0,1,1,1,0,0,0,0,0,0,1,0,0,0,0,0,1,1,0,1,0,0,1,0,1,0 : 13.2777
1,0,0,1,0,0,0,1,1,0,1,1,0,0,1,0,1,0,1,1,0,1,1,0,1,1,0,0,1,0,1,1,0,1,0,0,0,1,0 : 13.176
0,0,0,0,1,0,0,0,1,1,1,0,0,1,1,1,1,0,1,0,0,1,1,1,0,0,1,0,0,0,0,0,1,1,0,0,0,1,1 : 13.2777
1,0,0,0,0,1,0,1,0,0,1,1,1,1,0,1,0,1,1,0,1,0,0,0,0,0,0,0,1,1,1,0,1,0,0,0,1,0,0 : 13.2777
1,0,0,0,0,0,0,1,0,1,1,0,1,0,1,1,0,0,0,0,0,1,0,1,0,0,1,0,1,1,0,0,1,0,0,0,1,0,0 : 13.2777
1,0,0,0,0,1,1,1,1,0,1,1,0,0,0,0,0,0,0,1,0,1,1,1,0,1,0,1,0,1,0,0,0,0,0,1,1,1,1 : 13.176
1,1,1,0,0,0,1,1,1,1,1,1,0,1,1,0,1,0,0,1,1,1,0,0,0,0,1,0,0,0,1,1,0,1,0,0,1,1,0 : 14.2166
1,1,0,1,0,1,1,1,0,1,1,1,1,1,1,1,0,0,1,0,1,0,0,0,0,0,0,0,0,0,0,1,1,0,0,1,0,1,0 : 13.2777
1,1,0,1,1,0,1,0,1,0,0,0,1,1,1,1,1,1,0,0,1,1,1,1,0,0,1,1,0,1,0,0,1,0,0,0,1,1,1 : 13.2777
0,1,1,1,0,0,0,1,0,1,1,1,0,0,1,0,0,1,0,1,0,1,0,1,0,0,1,0,1,1,1,0,1,1,0,1,1,0,0 : 13.6089
1,1,0,1,0,1,0,0,0,0,0,1,0,1,1,0,1,0,0,1,0,0,1,1,0,0,0,1,1,0,0,0,0,0,0,0,0,0,0 : 13.168
0,0,1,0,1,0,0,0,1,0,1,0,1,0,1,0,1,0,1,0,0,0,0,1,0,0,0,0,1,1,1,0,1,0,0,1,0,1,0 : 13.8168
0,0,0,0,1,0,0,0,0,0,1,1,0,0,0,1,0,1,0,1,0,0,1,0,0,0,1,1,1,0,0,0,1,0,1,0,0,0,1 : 13.168
0,1,0,0,0,0,0,0,0,1,1,0,0,0,1,1,1,0,0,1,0,0,1,1,0,0,1,0,1,0,0,0,0,0,0,0,0,0,1 : 13.168
0,1,1,0,0,1,0,1,0,0,1,0,0,1,1,0,0,0,1,1,0,0,0,1,1,0,1,0,1,1,1,0,1,1,0,0,1,0,1 : 14.5561
0,0,0,1,0,0,1,1,0,0,1,1,1,0,1,1,0,1,1,1,0,0,0,0,0,0,0,1,1,0,0,0,0,0,0,0,1,1,1 : 13.1776
0,1,0,1,1,1,1,1,0,0,0,0,1,0,0,0,1,1,1,0,1,1,0,0,1,1,0,0,1,0,0,1,0,1,0,0,1,0,1 : 13.5231
1,0,0,1,0,1,1,1,1,0,0,1,1,0,1,1,0,1,1,0,0,0,1,0,1,0,1,0,1,0,0,0,1,1,0,1,0,0,0 : 13.2777
1,1,0,0,1,0,0,1,0,1,1,0,0,0,0,0,0,0,0,1,0,1,0,0,0,1,0,0,1,0,1,0,0,1,0,0,0,0,1 : 13.7198
0,0,0,0,0,1,1,0,1,1,1,0,0,1,1,0,0,0,0,1,1,0,1,1,0,1,0,0,0,0,0,1,1,0,0,1,1,1,1 : 13.176
1,1,0,0,1,1,1,0,0,1,0,1,1,0,1,1,0,0,0,0,1,0,1,0,0,0,1,1,0,0,1,1,1,0,0,0,0,1,0 : 13.2777
1,0,0,1,0,1,0,0,0,1,1,0,1,0,0,0,0,1,0,0,1,1,0,0,1,1,0,0,1,0,1,0,1,1,0,0,1,0,1 : 13.5231
0,1,0,1,0,0,1,1,0,1,1,1,0,0,1,1,1,0,1,1,0,1,0,0,1,1,0,0,1,0,1,0,0,0,0,0,0,1,0 : 13.1776
1,1,0,1,1,0,0,0,1,1,1,1,1,0,0,1,0,0,0,0,0,0,1,0,0,1,0,1,0,1,0,0,1,1,0,1,1,1,1 : 13.3405
1,0,0,0,1,0,1,1,1,0,1,0,1,1,0,1,1,0,0,0,0,0,0,1,0,0,0,0,1,1,1,1,1,0,0,0,1,1,1 : 13.2777
0,1,0,0,0,0,1,0,0,1,0,0,1,0,1,1,0,0,0,0,1,1,1,1,0,0,1,0,0,1,1,0,0,1,1,0,0,1,0 : 13.2777
1,0,0,0,1,1,1,1,0,1,0,1,0,0,1,0,0,1,0,0,0,1,0,0,0,1,0,0,0,1,0,0,0,0,1,0,0,1,0 : 13.3405
0,1,0,1,0,0,0,1,0,0,0,1,1,1,1,1,1,0,1,0,0,1,0,0,0,0,0,0,1,0,0,0,0,0,0,1,0,0,1 : 13.2777
0,0,0,0,0,1,0,1,1,0,1,1,0,1,1,0,0,1,1,1,1,1,1,0,0,1,0,0,0,1,0,0,0,0,0,0,0,0,0 : 13.168
0,0,0,1,0,1,0,0,0,1,0,1,0,1,1,1,1,0,1,0,0,0,0,1,0,1,1,0,0,1,1,1,1,0,0,0,0,1,1 : 13.3405
