1,1,1,0,1,1,1,0,1,0,1,1,0,1,1,1,1,1,1,0,1,1,1,1,0,0 : 3178.0
1,1,1,0,1,1,1,0,1,0,1,1,0,1,1,1,1,1,1,0,1,1,1,1,0,0 : 3178.0
1,1,1,0,1,1,1,1,0,0,1,1,0,1,1,1,1,1,1,1,0,0,0,0,0,1 : 3216.0
1,1,1,0,1,1,1,1,0,1,1,1,0,1,1,1,1,1,1,1,0,0,0,0,0,1 : 3216.0
1,1,1,0,1,1,1,1,0,0,1,1,0,1,1,1,1,1,1,1,0,0,0,0,0,1 : 3216.0
1,1,1,0,1,1,1,1,0,0,1,1,0,1,1,1,1,1,1,1,0,0,0,0,0,1 : 3216.0
1,1,1,0,1,1,1,1,0,0,1,1,0,1,1,1,1,1,1,1,0,0,0,0,0,1 : 3216.0
1,1,1,0,1,1,1,1,0,1,1,1,0,1,1,1,1,1,1,1,0,0,0,0,0,1 : 3216.0
1,1,1,0,1,1,1,1,0,0,1,1,0,1,1,1,1,1,1,1,0,0,0,0,0,1 : 3216.0
1,1,1,0,1,1,1,1,0,0,1,1,0,1,1,1,1,1,1,1,0,0,0,0,0,1 : 3216.0
1,1,1,1,0,1,0,0,1,0,1,1,0,1,1,0,1,1,1,0,0,0,0,0,0,1 : 3451.0
1,1,1,1,0,0,0,1,1,1,1,1,0,1,1,0,1,1,1,0,0,0,0,0,0,0 : 3451.0
1,1,1,1,0,1,0,1,1,0,1,1,0,1,1,0,1,1,1,0,0,0,0,0,0,1 : 3451.0
1,1,1,1,0,1,0,0,1,0,1,1,0,1,1,0,1,1,1,0,0,0,0,0,0,1 : 3451.0
1,1,1,1,0,1,0,0,1,0,1,1,0,1,1,0,1,1,1,0,0,0,0,0,0,1 : 3451.0
1,1,1,1,0,0,0,1,1,1,1,1,0,1,1,0,1,1,1,0,0,0,0,0,0,0 : 3451.0
1,1,1,1,0,1,0,1,1,0,1,1,0,1,1,0,1,1,1,0,0,0,0,0,0,1 : 3451.0
1,1,1,1,0,1,0,0,1,0,1,1,0,1,1,0,1,1,1,0,0,0,0,0,0,1 : 3451.0
1,1,1,1,0,1,0,1,0,1,1,1,0,1,1,1,1,1,1,0,1,1,1,1,0,0 : 3512.0
1,1,1,1,0,1,0,1,0,1,1,1,0,1,1,1,1,1,1,1,1,1,1,1,0,0 : 3512.0
1,1,1,1,0,1,0,1,1,1,1,1,0,1,1,1,1,1,1,0,1,1,1,1,0,1 : 3512.0
1,1,1,1,0,1,0,1,0,1,1,1,0,1,1,0,1,1,1,0,1,1,1,1,0,1 : 3512.0
1,1,1,1,0,1,0,1,0,1,1,1,0,1,1,0,1,1,1,0,1,1,1,1,0,1 : 3512.0
1,1,1,1,0,0,0,0,0,1,1,1,0,1,1,1,1,1,1,1,1,1,1,1,0,1 : 3512.0
1,1,1,1,0,1,0,1,0,1,1,1,0,1,1,1,1,1,1,0,1,1,1,1,0,0 : 3512.0
1,1,1,1,0,1,0,1,1,0,1,1,0,1,1,1,1,1,1,0,1,1,1,1,0,1 : 3512.0
1,1,1,1,0,1,0,1,1,0,1,1,0,1,1,1,1,1,1,0,1,1,1,1,0,1 : 3512.0
1,1,1,1,0,0,0,0,0,1,1,1,0,1,1,1,1,1,1,1,1,1,1,1,0,0 : 3512.0
1,1,1,1,0,0,0,1,0,0,1,1,0,1,1,1,1,1,1,0,1,1,1,1,0,1 : 3512.0
1,1,1,1,0,0,0,1,1,1,1,1,0,1,1,1,1,1,1,1,1,1,1,1,0,1 : 3512.0
1,1,1,1,0,0,0,1,0,0,1,1,0,1,1,0,1,1,1,0,1,1,1,1,0,1 : 3512.0
1,1,1,1,0,0,1,0,1,1,1,1,0,1,1,0,1,1,1,0,1,1,1,1,0,1 : 3512.0
1,1,1,1,0,0,0,1,0,0,1,1,0,1,1,0,1,1,1,0,1,1,1,1,0,1 : 3512.0
1,1,1,1,0,0,0,1,0,0,1,1,0,1,1,1,1,1,1,0,1,1,1,1,0,1 : 3512.0
1,1,1,1,0,1,0,1,0,1,1,1,0,1,1,0,1,1,1,0,1,1,1,1,0,1 : 3512.0
1,1,1,1,0,0,0,1,0,0,1,1,0,1,1,1,1,1,1,0,1,1,1,1,0,1 : 3512.0
1,1,1,1,0,0,1,1,0,0,1,1,0,1,1,0,1,1,1,0,1,1,1,1,0,1 : 3512.0
1,1,1,1,0,1,0,1,0,1,1,1,0,1,1,1,1,1,1,1,1,1,1,1,0,0 : 3512.0
1,1,1,1,0,0,0,0,0,0,1,1,0,1,1,0,1,1,1,0,1,1,1,1,0,1 : 3512.0
1,1,1,1,0,0,0,1,1,0,1,1,0,1,1,1,1,1,1,0,1,1,1,1,0,1 : 3512.0
1,1,1,1,0,1,0,1,1,1,1,1,0,1,1,1,1,1,1,0,1,1,1,1,0,1 : 3512.0
1,1,1,1,0,0,0,0,0,1,1,1,0,1,1,1,1,1,1,1,1,1,1,1,0,0 : 3512.0
1,1,1,1,0,1,0,1,1,0,1,1,0,1,1,0,1,1,1,0,1,1,1,1,0,0 : 3512.0
1,1,1,1,0,0,0,1,0,0,1,1,0,1,1,0,1,1,1,0,1,1,1,1,0,1 : 3512.0
1,1,1,1,0,1,0,1,0,1,1,1,0,1,1,1,1,1,1,0,1,1,1,1,0,0 : 3512.0
1,1,1,1,0,1,0,1,1,1,1,1,0,1,1,1,1,1,1,0,1,1,1,1,0,1 : 3512.0
1,1,1,1,0,0,0,1,0,0,1,1,0,1,1,0,1,1,1,0,1,1,1,1,0,1 : 3512.0
1,1,1,1,0,0,0,1,0,1,1,1,0,1,1,0,1,1,1,0,1,1,1,1,0,1 : 3512.0
1,1,1,1,0,0,0,1,0,1,1,1,0,1,1,1,1,1,1,0,1,1,1,1,0,0 : 3512.0
1,1,1,1,0,0,0,1,0,1,1,1,0,1,1,1,1,1,1,0,1,1,1,1,0,0 : 3512.0
1,1,1,1,0,1,0,1,1,0,1,1,0,1,1,1,1,1,1,0,1,1,1,1,0,1 : 3512.0
1,1,1,1,0,1,0,1,1,1,1,1,0,1,1,0,1,1,1,0,1,1,1,1,0,1 : 3512.0
1,1,1,1,0,1,0,0,0,1,1,1,0,1,1,1,1,1,1,1,1,1,1,1,0,0 : 3512.0
1,1,1,1,0,0,0,1,0,0,1,1,0,1,1,1,1,1,1,0,1,1,1,1,0,1 : 3512.0
1,1,1,1,0,1,0,0,1,0,1,1,0,1,1,0,1,1,1,0,1,1,1,1,0,0 : 3512.0
1,1,1,1,0,1,0,1,0,0,1,1,0,1,1,1,1,1,1,0,1,1,1,1,0,1 : 3512.0
1,1,1,1,0,0,1,1,0,0,1,1,0,1,1,0,1,1,1,0,1,1,1,1,0,1 : 3512.0
1,1,1,1,0,0,1,0,1,1,1,1,0,1,1,1,1,1,1,0,1,1,1,1,0,0 : 3512.0
1,1,1,1,0,0,0,0,1,1,1,1,0,1,1,0,1,1,1,0,1,1,1,1,0,1 : 3512.0
1,1,1,1,0,0,0,1,0,0,1,1,0,1,1,1,1,1,1,0,1,1,1,1,0,1 : 3512.0
1,1,1,1,0,0,1,1,0,0,1,1,0,1,1,0,1,1,1,0,1,1,1,1,0,1 : 3512.0
1,1,1,1,0,1,0,1,0,1,1,1,0,1,1,1,1,1,1,1,1,1,1,1,0,0 : 3512.0
1,1,1,1,0,1,0,1,0,1,1,1,0,1,1,1,1,1,1,0,1,1,1,1,0,0 : 3512.0
1,1,1,1,0,1,0,1,1,1,1,1,0,1,1,1,1,1,1,0,1,1,1,1,0,1 : 3512.0
1,1,1,1,0,1,0,1,0,1,1,1,0,1,1,0,1,1,1,0,1,1,1,1,0,1 : 3512.0
1,1,1,1,0,1,0,1,0,1,1,1,0,1,1,0,1,1,1,0,1,1,1,1,0,1 : 3512.0
1,1,1,1,0,0,0,0,0,1,1,1,0,1,1,1,1,1,1,1,1,1,1,1,0,1 : 3512.0
1,1,1,1,0,1,0,1,0,1,1,1,0,1,1,1,1,1,1,0,1,1,1,1,0,0 : 3512.0
1,1,1,1,0,1,0,1,1,0,1,1,0,1,1,1,1,1,1,0,1,1,1,1,0,1 : 3512.0
1,1,1,1,0,1,0,1,1,0,1,1,0,1,1,1,1,1,1,0,1,1,1,1,0,1 : 3512.0
1,1,1,1,0,0,0,0,0,1,1,1,0,1,1,1,1,1,1,1,1,1,1,1,0,0 : 3512.0
1,1,1,1,0,0,0,1,0,0,1,1,0,1,1,1,1,1,1,0,1,1,1,1,0,1 : 3512.0
1,1,1,1,0,0,0,1,1,1,1,1,0,1,1,1,1,1,1,1,1,1,1,1,0,1 : 3512.0
1,1,1,1,0,0,0,1,0,0,1,1,0,1,1,0,1,1,1,0,1,1,1,1,0,1 : 3512.0
1,1,1,1,0,0,1,0,1,1,1,1,0,1,1,0,1,1,1,0,1,1,1,1,0,1 : 3512.0
1,1,1,1,0,0,0,1,0,0,1,1,0,1,1,0,1,1,1,0,1,1,1,1,0,1 : 3512.0
1,1,1,1,0,0,0,1,0,0,1,1,0,1,1,1,1,1,1,0,1,1,1,1,0,1 : 3512.0
1,1,1,1,0,1,0,1,0,1,1,1,0,1,1,0,1,1,1,0,1,1,1,1,0,1 : 3512.0
1,1,1,1,0,0,0,1,0,0,1,1,0,1,1,1,1,1,1,0,1,1,1,1,0,1 : 3512.0
1,1,1,1,0,0,1,1,0,0,1,1,0,1,1,0,1,1,1,0,1,1,1,1,0,1 : 3512.0
1,1,1,1,0,1,0,1,0,1,1,1,0,1,1,1,1,1,1,1,1,1,1,1,0,0 : 3512.0
1,1,1,1,0,0,0,0,0,0,1,1,0,1,1,0,1,1,1,0,1,1,1,1,0,1 : 3512.0
1,1,1,1,0,0,0,1,1,0,1,1,0,1,1,1,1,1,1,0,1,1,1,1,0,1 : 3512.0
1,1,1,1,0,1,0,1,1,1,1,1,0,1,1,1,1,1,1,0,1,1,1,1,0,1 : 3512.0
1,1,1,1,0,0,0,0,0,1,1,1,0,1,1,1,1,1,1,1,1,1,1,1,0,0 : 3512.0
1,1,1,1,0,1,0,1,1,0,1,1,0,1,1,0,1,1,1,0,1,1,1,1,0,0 : 3512.0
1,1,1,1,0,0,0,1,0,0,1,1,0,1,1,0,1,1,1,0,1,1,1,1,0,1 : 3512.0
1,1,1,1,0,1,0,1,0,1,1,1,0,1,1,1,1,1,1,0,1,1,1,1,0,0 : 3512.0
1,1,1,1,0,1,0,1,1,1,1,1,0,1,1,1,1,1,1,0,1,1,1,1,0,1 : 3512.0
1,1,1,1,0,0,0,1,0,0,1,1,0,1,1,0,1,1,1,0,1,1,1,1,0,1 : 3512.0
1,1,1,1,0,0,0,1,0,1,1,1,0,1,1,0,1,1,1,0,1,1,1,1,0,1 : 3512.0
1,1,1,1,0,0,0,1,0,1,1,1,0,1,1,1,1,1,1,0,1,1,1,1,0,0 : 3512.0
1,1,1,1,0,0,0,1,0,1,1,1,0,1,1,1,1,1,1,0,1,1,1,1,0,0 : 3512.0
1,1,1,1,0,1,0,1,1,0,1,1,0,1,1,1,1,1,1,0,1,1,1,1,0,1 : 3512.0
1,1,1,1,0,1,0,1,1,1,1,1,0,1,1,0,1,1,1,0,1,1,1,1,0,1 : 3512.0
1,1,1,1,0,1,0,0,0,1,1,1,0,1,1,1,1,1,1,1,1,1,1,1,0,0 : 3512.0
1,1,1,1,0,0,0,1,0,0,1,1,0,1,1,1,1,1,1,0,1,1,1,1,0,1 : 3512.0
1,1,1,1,0,1,0,0,1,0,1,1,0,1,1,0,1,1,1,0,1,1,1,1,0,0 : 3512.0
1,1,1,1,0,1,0,1,0,0,1,1,0,1,1,1,1,1,1,0,1,1,1,1,0,1 : 3512.0
1,1,1,1,0,0,1,1,0,0,1,1,0,1,1,0,1,1,1,0,1,1,1,1,0,1 : 3512.0
