0,0,0,0,0,1,1,1,0,1,1,1,1,0,1,1,1,1,0,1,1,0,1,0,1,1,0,0,0,0,0,0,0,1,0,0,0,0,1 : 13.024
0,0,0,0,0,1,1,1,0,1,1,1,1,0,1,0,1,1,1,1,1,0,1,0,1,1,0,0,0,1,1,0,0,1,0,0,0,0,0 : 13.024
0,0,0,0,0,1,1,1,0,1,1,1,1,0,1,1,1,1,0,1,1,0,1,0,1,1,0,0,0,1,0,0,0,1,0,0,0,0,1 : 13.024
0,0,0,0,0,1,1,1,0,1,1,1,1,0,1,0,1,0,1,1,1,0,1,0,1,1,0,0,0,1,0,0,0,1,0,1,0,0,0 : 13.024
0,0,0,0,0,1,1,1,0,1,1,1,1,0,1,1,1,1,0,1,1,0,1,0,1,1,0,0,0,0,0,0,0,1,0,0,0,0,1 : 13.024
0,0,0,0,0,1,1,1,0,1,1,1,1,0,1,0,1,1,1,1,1,0,1,0,1,1,0,0,0,1,1,0,0,1,0,0,0,0,0 : 13.024
0,0,0,0,0,1,1,1,0,1,1,1,1,0,1,1,1,1,0,1,1,0,1,0,1,1,0,0,0,1,0,0,0,1,0,0,0,0,1 : 13.024
0,0,0,0,0,1,1,1,0,1,1,1,1,0,1,0,1,0,1,1,1,0,1,0,1,1,0,0,0,1,0,0,0,1,0,1,0,0,0 : 13.024
1,0,1,1,0,0,0,1,1,0,0,1,0,1,1,0,0,1,0,1,0,0,1,0,1,1,0,0,0,0,0,0,1,0,1,1,0,0,0 : 13.1698
1,0,1,1,0,0,0,1,1,0,0,0,0,1,1,0,0,1,1,1,0,0,1,0,1,1,0,0,0,0,0,0,1,0,1,1,0,0,0 : 13.1698
1,1,0,1,1,1,0,0,1,0,1,0,0,0,0,1,1,1,0,1,0,1,1,1,0,0,1,1,0,1,0,1,1,0,0,1,0,0,1 : 13.1698
1,0,1,1,0,0,0,1,1,0,0,0,0,1,1,0,0,1,1,1,0,0,1,0,1,1,0,0,0,0,0,0,1,0,0,1,0,0,0 : 13.1698
1,1,0,1,1,0,0,0,1,0,1,0,0,0,0,1,1,1,0,1,0,1,1,1,0,0,1,0,0,1,0,1,1,0,0,1,0,0,1 : 13.1698
1,0,1,1,0,0,0,1,1,0,0,1,0,1,1,0,0,1,0,1,0,0,1,0,1,1,0,0,0,0,0,0,1,0,1,1,0,0,0 : 13.1698
1,0,1,1,0,0,0,1,1,0,0,0,0,1,1,0,0,1,1,1,0,0,1,0,1,1,0,0,0,0,0,0,1,0,1,1,0,0,0 : 13.1698
1,1,0,1,1,1,0,0,1,0,1,0,0,0,0,1,1,1,0,1,0,1,1,1,0,0,1,1,0,1,0,1,1,0,0,1,0,0,1 : 13.1698
1,0,1,1,0,0,0,1,1,0,0,0,0,1,1,0,0,1,1,1,0,0,1,0,1,1,0,0,0,0,0,0,1,0,0,1,0,0,0 : 13.1698
1,1,0,1,1,0,0,0,1,0,1,0,0,0,0,1,1,1,0,1,0,1,1,1,0,0,1,0,0,1,0,1,1,0,0,1,0,0,1 : 13.1698
0,0,0,1,0,0,0,1,0,0,1,0,1,0,1,0,0,0,0,1,1,0,0,0,0,0,0,0,0,0,0,0,1,1,0,1,0,1,1 : 13.176
0,0,0,1,0,0,1,1,0,0,1,1,1,0,1,0,0,1,1,1,0,0,0,0,0,0,0,0,1,0,0,0,0,0,0,0,0,1,1 : 13.176
0,0,0,1,0,0,0,0,0,0,1,0,1,0,1,0,0,0,0,1,1,0,0,0,0,0,0,0,0,0,0,0,1,1,0,1,0,1,1 : 13.176
0,0,0,1,0,0,1,1,0,1,1,1,1,0,1,0,0,1,1,1,1,0,1,0,0,0,0,0,1,0,0,0,0,0,0,0,0,1,1 : 13.176
0,0,0,1,0,0,0,1,0,0,1,0,1,0,1,0,0,0,0,1,1,0,0,0,0,0,0,0,0,0,0,0,1,1,0,1,0,1,1 : 13.176
0,0,0,1,0,0,1,1,0,0,1,1,1,0,1,0,0,1,1,1,0,0,0,0,0,0,0,0,1,0,0,0,0,0,0,0,0,1,1 : 13.176
0,0,0,1,0,0,0,0,0,0,1,0,1,0,1,0,0,0,0,1,1,0,0,0,0,0,0,0,0,0,0,0,1,1,0,1,0,1,1 : 13.176
0,0,0,1,0,0,1,1,0,1,1,1,1,0,1,0,0,1,1,1,1,0,1,0,0,0,0,0,1,0,0,0,0,0,0,0,0,1,1 : 13.176
0,0,0,1,0,0,1,1,1,0,0,0,0,0,1,1,0,0,1,1,1,0,1,1,0,1,0,0,0,1,0,0,1,1,0,1,0,1,1 : 13.1776
0,0,0,1,0,0,1,1,1,0,0,0,0,0,1,1,0,0,1,1,1,0,0,1,0,1,0,0,0,1,0,0,1,1,0,1,0,1,1 : 13.1776
0,0,0,1,0,0,1,1,1,0,0,0,0,0,1,1,0,0,1,1,1,0,1,1,0,1,0,0,0,1,0,0,1,1,0,1,0,1,1 : 13.1776
0,0,0,1,0,0,1,1,1,0,0,0,0,0,1,1,0,0,1,1,1,0,0,1,0,1,0,0,0,1,0,0,1,1,0,1,0,1,1 : 13.1776
1,1,0,1,0,0,1,1,1,0,0,1,0,0,0,0,1,0,1,1,1,1,1,1,0,0,0,0,1,0,1,0,1,1,0,1,0,1,1 : 13.2188
1,1,0,1,0,1,1,1,0,0,0,1,0,0,1,0,0,0,1,1,1,0,1,1,0,0,0,0,1,0,1,0,1,1,0,1,0,1,1 : 13.2188
1,1,0,0,0,0,1,0,1,0,0,0,1,0,0,0,0,0,1,1,1,0,1,0,1,1,0,1,1,0,0,1,0,1,0,0,1,1,0 : 13.2188
1,1,0,0,0,0,1,0,1,1,0,0,1,0,0,0,0,0,1,1,1,0,1,0,1,1,0,1,1,0,0,1,0,1,0,0,1,1,0 : 13.2188
1,1,0,1,0,0,1,1,1,0,0,1,0,0,0,0,1,0,1,1,1,1,1,1,0,0,0,0,1,0,1,0,1,1,0,1,0,1,1 : 13.2188
1,1,0,1,0,1,1,1,0,0,0,1,0,0,1,0,0,0,1,1,1,0,1,1,0,0,0,0,1,0,1,0,1,1,0,1,0,1,1 : 13.2188
1,1,0,0,0,0,1,0,1,0,0,0,1,0,0,0,0,0,1,1,1,0,1,0,1,1,0,1,1,0,0,1,0,1,0,0,1,1,0 : 13.2188
1,1,0,0,0,0,1,0,1,1,0,0,1,0,0,0,0,0,1,1,1,0,1,0,1,1,0,1,1,0,0,1,0,1,0,0,1,1,0 : 13.2188
0,1,0,1,1,1,1,0,1,0,1,0,0,1,1,1,0,1,0,0,0,1,0,0,0,0,0,0,0,0,1,0,0,1,0,1,0,1,0 : 13.2777
0,1,0,0,0,0,1,0,0,0,0,0,0,0,1,1,0,0,0,0,1,1,0,1,0,0,1,1,0,1,0,0,0,1,1,0,0,1,0 : 13.2777
0,0,0,0,0,1,0,0,1,1,1,1,0,0,0,1,0,0,1,0,1,0,0,1,0,0,0,0,0,1,1,0,1,0,0,0,0,0,1 : 13.2777
0,1,0,0,0,0,0,0,1,1,1,0,0,0,1,1,0,0,1,0,0,1,0,1,0,0,1,0,1,1,1,1,1,0,0,1,0,0,0 : 13.2777
1,0,0,0,0,0,0,0,1,0,1,0,0,0,1,1,1,0,0,0,0,1,0,1,0,0,1,0,0,1,0,1,1,0,0,0,0,1,1 : 13.2777
1,0,0,1,0,0,0,0,0,1,1,0,1,1,1,1,1,0,0,0,0,0,0,0,0,0,1,0,0,1,0,0,0,1,0,0,1,1,1 : 13.2777
1,1,0,0,1,1,0,1,1,1,1,1,0,0,1,1,0,1,1,0,0,0,0,1,0,0,0,1,0,1,0,0,0,0,0,1,1,0,0 : 13.2777
0,0,0,1,1,0,1,1,1,0,0,1,1,0,0,1,0,1,1,0,1,1,0,1,0,0,0,0,1,1,0,0,1,0,0,0,0,0,0 : 13.2777
1,1,0,1,0,0,0,1,1,0,1,0,0,1,1,1,0,1,1,0,0,1,1,0,0,0,1,0,0,1,1,1,0,1,0,0,1,1,0 : 13.2777
0,0,0,0,0,1,0,0,1,1,0,0,0,1,1,1,0,1,1,0,1,1,0,1,0,0,1,0,1,0,1,0,0,0,1,1,0,0,0 : 13.2777
0,1,0,0,0,0,0,0,1,1,0,1,0,0,1,1,0,0,1,0,1,0,0,0,1,0,1,1,0,1,0,0,1,1,1,0,1,0,0 : 13.2777
1,1,0,1,0,0,1,1,0,1,1,1,0,1,1,1,0,0,1,0,1,0,0,0,0,0,0,0,0,0,0,0,1,0,0,0,0,1,0 : 13.2777
0,1,0,0,0,0,1,0,0,0,0,0,1,0,1,1,0,0,0,0,1,1,1,1,0,0,1,0,0,1,1,0,0,1,1,0,0,1,0 : 13.2777
0,1,0,0,0,1,0,1,1,1,0,1,0,0,0,1,0,1,0,0,0,0,1,0,0,0,0,1,0,0,1,1,1,0,0,0,0,0,1 : 13.2777
0,1,0,1,1,1,1,0,1,0,1,0,0,1,1,1,0,1,0,0,0,1,0,0,0,0,0,1,0,0,1,0,0,1,0,1,0,0,0 : 13.2777
1,1,0,0,1,1,1,1,1,1,0,1,1,1,0,1,0,1,0,0,0,0,0,0,1,0,1,1,0,1,0,0,1,0,0,1,0,1,1 : 13.2777
0,1,0,0,0,0,0,0,1,1,0,0,0,0,0,1,0,0,1,0,1,1,0,1,0,0,1,0,1,1,1,1,1,0,0,1,0,0,0 : 13.2777
1,0,0,0,0,0,0,0,1,0,1,0,1,0,1,1,1,0,0,0,0,1,0,1,0,0,1,0,1,1,0,1,1,0,0,0,0,0,1 : 13.2777
1,0,0,1,0,0,0,0,0,1,1,0,1,1,1,1,1,0,0,0,0,0,0,0,0,0,1,0,0,1,0,0,0,1,0,0,1,0,1 : 13.2777
1,1,0,0,1,1,0,1,1,1,1,1,0,0,1,1,0,1,1,0,0,0,0,1,0,0,0,1,0,1,0,0,0,0,0,1,0,0,0 : 13.2777
0,0,0,1,1,0,1,1,1,0,0,0,0,1,0,1,1,1,1,0,1,1,1,1,0,0,0,0,1,1,0,0,1,0,0,0,0,0,0 : 13.2777
0,1,0,0,0,1,1,0,1,0,0,0,0,1,1,1,0,1,1,0,0,1,0,1,0,0,1,0,0,0,1,0,1,0,1,1,0,0,0 : 13.2777
1,1,0,1,1,1,1,1,1,1,1,1,0,1,0,1,0,0,1,0,1,0,0,0,0,0,0,0,0,0,0,1,1,0,0,1,0,1,0 : 13.2777
1,1,0,1,1,0,0,0,1,0,0,0,1,0,1,1,1,1,0,0,0,1,1,1,0,0,1,1,0,1,0,1,1,0,0,1,0,0,1 : 13.2777
1,0,0,1,0,1,1,1,1,0,0,1,1,0,1,1,0,1,1,0,0,0,0,0,1,0,1,0,1,0,0,0,1,1,0,1,1,0,0 : 13.2777
0,1,0,0,0,0,1,0,0,0,0,0,0,0,1,1,0,0,0,0,0,1,1,1,0,0,1,0,0,1,1,0,0,1,1,0,0,1,0 : 13.2777
0,1,0,0,0,1,0,1,1,1,1,1,0,0,0,1,0,1,1,0,0,0,1,0,0,0,0,1,0,0,1,1,1,0,0,0,1,0,1 : 13.2777
0,0,0,0,0,1,0,0,1,1,0,1,0,0,0,1,0,0,1,0,1,0,0,1,0,0,0,0,0,1,1,0,1,0,0,0,0,0,1 : 13.2777
1,1,0,0,1,0,1,1,1,1,0,1,1,1,0,1,0,1,0,0,0,1,0,0,1,0,1,1,0,1,0,0,1,0,0,1,0,1,1 : 13.2777
0,1,0,0,0,1,0,0,1,1,1,0,0,0,1,1,0,0,1,0,1,1,0,1,0,0,1,0,1,1,1,1,1,0,0,1,0,0,0 : 13.2777
1,0,0,0,1,0,0,0,1,0,1,0,1,0,1,1,1,0,0,0,0,1,0,1,0,0,1,0,0,1,0,1,1,0,0,0,0,1,1 : 13.2777
1,0,0,1,0,0,0,0,0,1,1,0,1,0,1,1,1,0,0,0,0,0,0,0,0,0,1,0,0,1,0,0,0,1,0,0,1,1,1 : 13.2777
1,1,0,0,1,1,0,1,1,1,1,1,1,0,1,1,0,1,1,0,0,0,0,1,0,0,0,1,0,1,0,0,0,0,0,1,0,0,0 : 13.2777
1,1,0,1,0,1,1,1,0,1,1,1,0,1,1,1,0,0,1,0,1,0,0,0,0,0,0,0,0,0,0,1,1,0,0,0,0,1,0 : 13.2777
1,0,0,1,0,0,1,1,1,0,0,1,1,0,1,1,0,1,0,0,0,0,0,0,1,0,1,1,1,0,0,0,1,1,0,1,1,1,1 : 13.2777
0,1,0,1,0,0,1,0,1,0,0,0,1,0,1,1,0,0,0,0,0,1,1,1,0,0,1,0,0,1,1,0,0,1,1,0,0,1,0 : 13.2777
0,1,0,1,1,0,1,0,1,0,1,1,0,1,1,1,0,1,0,0,0,1,0,0,0,0,0,1,0,0,1,0,0,0,0,1,0,0,0 : 13.2777
1,1,0,0,1,1,1,1,1,1,0,0,1,1,0,1,0,1,0,0,0,0,0,0,1,0,1,1,0,1,0,0,1,1,0,1,0,1,1 : 13.2777
0,1,0,0,0,0,0,0,1,1,1,0,0,0,1,1,0,0,1,0,1,1,0,1,1,0,1,0,1,1,0,1,1,0,0,1,0,0,0 : 13.2777
1,1,0,0,1,1,0,1,1,1,1,1,0,0,1,1,0,1,1,0,0,0,0,0,0,0,0,1,0,1,0,0,0,0,0,1,0,0,0 : 13.2777
0,0,0,1,1,1,1,1,1,0,0,1,1,1,0,1,0,1,1,0,1,1,0,0,0,0,0,0,1,1,0,0,1,0,0,1,0,0,0 : 13.2777
1,1,0,1,0,1,1,1,0,1,1,1,0,1,1,1,0,0,1,0,1,0,0,0,0,0,0,0,0,0,0,1,1,0,0,1,0,1,0 : 13.2777
0,1,0,1,1,0,0,0,1,0,0,0,1,0,0,1,1,1,0,0,0,1,1,1,0,0,1,1,0,1,0,1,1,0,0,1,1,0,1 : 13.2777
0,1,0,0,0,0,1,0,0,0,0,0,0,0,1,1,0,0,0,0,1,1,0,1,0,0,1,1,0,1,0,0,0,1,1,0,0,1,0 : 13.2777
0,1,0,1,1,1,1,0,1,0,1,0,0,1,1,1,0,1,0,0,0,1,0,0,0,0,0,0,0,0,1,0,0,1,0,1,0,1,0 : 13.2777
0,0,0,0,0,1,0,0,1,1,1,1,0,0,0,1,0,0,1,0,1,0,0,1,0,0,0,0,0,1,1,0,1,0,0,0,0,0,1 : 13.2777
0,1,0,0,0,0,0,0,1,1,1,0,0,0,1,1,0,0,1,0,0,1,0,1,0,0,1,0,1,1,1,1,1,0,0,1,0,0,0 : 13.2777
1,0,0,0,0,0,0,0,1,0,1,0,0,0,1,1,1,0,0,0,0,1,0,1,0,0,1,0,0,1,0,1,1,0,0,0,0,1,1 : 13.2777
1,0,0,1,0,0,0,0,0,1,1,0,1,1,1,1,1,0,0,0,0,0,0,0,0,0,1,0,0,1,0,0,0,1,0,0,1,1,1 : 13.2777
1,1,0,0,1,1,0,1,1,1,1,1,0,0,1,1,0,1,1,0,0,0,0,1,0,0,0,1,0,1,0,0,0,0,0,1,1,0,0 : 13.2777
0,0,0,1,1,0,1,1,1,0,0,1,1,0,0,1,0,1,1,0,1,1,0,1,0,0,0,0,1,1,0,0,1,0,0,0,0,0,0 : 13.2777
1,1,0,1,0,0,0,1,1,0,1,0,0,1,1,1,0,1,1,0,0,1,1,0,0,0,1,0,0,1,1,1,0,1,0,0,1,1,0 : 13.2777
0,0,0,0,0,1,0,0,1,1,0,0,0,1,1,1,0,1,1,0,1,1,0,1,0,0,1,0,1,0,1,0,0,0,1,1,0,0,0 : 13.2777
0,1,0,0,0,0,0,0,1,1,0,1,0,0,1,1,0,0,1,0,1,0,0,0,1,0,1,1,0,1,0,0,1,1,1,0,1,0,0 : 13.2777
1,1,0,1,0,0,1,1,0,1,1,1,0,1,1,1,0,0,1,0,1,0,0,0,0,0,0,0,0,0,0,0,1,0,0,0,0,1,0 : 13.2777
0,1,0,0,0,0,1,0,0,0,0,0,1,0,1,1,0,0,0,0,1,1,1,1,0,0,1,0,0,1,1,0,0,1,1,0,0,1,0 : 13.2777
0,1,0,0,0,1,0,1,1,1,0,1,0,0,0,1,0,1,0,0,0,0,1,0,0,0,0,1,0,0,1,1,1,0,0,0,0,0,1 : 13.2777
0,1,0,1,1,1,1,0,1,0,1,0,0,1,1,1,0,1,0,0,0,1,0,0,0,0,0,1,0,0,1,0,0,1,0,1,0,0,0 : 13.2777
1,1,0,0,1,1,1,1,1,1,0,1,1,1,0,1,0,1,0,0,0,0,0,0,1,0,1,1,0,1,0,0,1,0,0,1,0,1,1 : 13.2777
0,1,0,0,0,0,0,0,1,1,0,0,0,0,0,1,0,0,1,0,1,1,0,1,0,0,1,0,1,1,1,1,1,0,0,1,0,0,0 : 13.2777
1,0,0,0,0,0,0,0,1,0,1,0,1,0,1,1,1,0,0,0,0,1,0,1,0,0,1,0,1,1,0,1,1,0,0,0,0,0,1 : 13.2777
1,0,0,1,0,0,0,0,0,1,1,0,1,1,1,1,1,0,0,0,0,0,0,0,0,0,1,0,0,1,0,0,0,1,0,0,1,0,1 : 13.2777
