1,1,1,1,1,0,1,0,1,1,0,0,1,1,0,0 : 247.517
1,1,1,1,1,0,1,0,1,1,0,0,1,1,0,0 : 247.517
1,1,1,1,1,0,1,0,1,1,0,0,1,1,0,0 : 247.517
1,1,1,1,1,0,1,0,1,1,0,0,1,1,0,0 : 247.517
1,1,1,1,1,0,1,0,1,1,0,0,1,1,0,0 : 247.517
1,1,1,1,1,0,1,0,1,1,0,0,1,1,0,0 : 247.517
1,1,0,0,0,0,0,0,1,1,0,0,1,1,0,0 : 254.733
1,1,0,0,0,0,0,0,1,1,0,0,1,1,0,0 : 254.733
1,1,0,0,0,0,0,0,1,1,0,0,1,1,0,0 : 254.733
1,1,0,0,0,0,0,0,1,1,0,0,1,1,0,0 : 254.733
1,1,0,0,0,0,0,0,1,1,0,0,1,1,0,0 : 254.733
1,1,0,0,0,0,0,0,1,1,0,0,1,1,0,0 : 254.733
1,1,0,0,0,0,0,0,1,1,0,0,1,1,0,0 : 254.733
1,1,0,0,0,0,0,0,1,1,0,0,1,1,0,0 : 254.733
1,1,0,0,0,0,1,1,1,0,1,0,1,1,0,0 : 256.82
1,1,1,0,1,0,1,1,1,0,1,0,1,1,0,0 : 256.82
1,1,0,0,1,0,1,1,1,0,1,0,1,1,0,0 : 256.82
1,1,1,0,1,0,1,1,1,0,1,0,1,1,0,0 : 256.82
1,1,1,0,1,0,1,0,1,0,1,0,1,1,0,0 : 256.82
1,1,1,0,1,0,1,1,1,0,1,0,1,1,0,0 : 256.82
1,1,0,0,1,0,1,1,1,0,1,0,1,1,0,0 : 256.82
1,1,1,0,1,0,1,1,1,0,1,0,1,1,0,0 : 256.82
1,1,0,0,1,0,1,1,1,0,1,0,1,1,0,0 : 256.82
1,1,1,0,1,0,1,1,1,0,1,0,1,1,0,0 : 256.82
1,1,1,0,1,0,1,1,1,0,1,0,1,1,0,0 : 256.82
1,1,1,0,1,0,1,0,1,0,1,0,1,1,0,0 : 256.82
1,1,0,0,0,0,1,1,1,0,1,0,1,1,0,0 : 256.82
1,1,1,0,1,0,1,1,1,0,1,0,1,1,0,0 : 256.82
1,1,0,0,1,0,1,1,1,0,1,0,1,1,0,0 : 256.82
1,1,1,0,1,0,1,1,1,0,1,0,1,1,0,0 : 256.82
1,1,1,0,1,0,1,0,1,0,1,0,1,1,0,0 : 256.82
1,1,1,0,1,0,1,1,1,0,1,0,1,1,0,0 : 256.82
1,1,0,0,1,0,1,1,1,0,1,0,1,1,0,0 : 256.82
1,1,1,0,1,0,1,1,1,0,1,0,1,1,0,0 : 256.82
1,1,0,0,1,0,1,1,1,0,1,0,1,1,0,0 : 256.82
1,1,1,0,1,0,1,1,1,0,1,0,1,1,0,0 : 256.82
1,1,1,0,1,0,1,1,1,0,1,0,1,1,0,0 : 256.82
1,1,1,0,1,0,1,0,1,0,1,0,1,1,0,0 : 256.82
1,0,0,1,1,0,1,0,1,1,0,0,1,1,0,0 : 266.483
1,0,0,1,1,0,1,0,1,1,0,0,1,1,0,0 : 266.483
1,0,0,1,1,0,1,0,1,1,0,0,1,1,0,0 : 266.483
1,0,0,1,1,0,1,0,1,1,0,0,1,1,0,0 : 266.483
1,0,0,1,1,0,1,0,1,1,0,0,1,1,0,0 : 266.483
1,0,0,1,1,0,1,0,1,1,0,0,1,1,0,0 : 266.483
1,0,0,1,1,0,1,1,1,1,0,0,1,1,0,0 : 266.527
1,0,0,1,1,0,1,1,1,1,0,0,1,1,0,0 : 266.527
1,0,0,1,1,0,1,1,1,1,0,0,1,1,0,0 : 266.527
1,0,0,1,1,0,1,1,1,1,0,0,1,1,0,0 : 266.527
1,0,0,1,1,0,1,1,1,1,0,0,1,1,0,0 : 266.527
1,0,0,1,1,0,1,1,1,1,0,0,1,1,0,0 : 266.527
1,0,0,1,1,0,1,1,1,1,0,0,1,1,0,0 : 266.527
1,0,0,1,1,0,1,1,1,1,0,0,1,1,0,0 : 266.527
1,0,1,1,0,0,0,1,1,0,0,1,1,1,0,0 : 271.4169
1,0,1,0,0,0,0,1,1,0,0,1,1,1,0,0 : 271.4169
1,0,1,1,0,0,0,0,1,0,1,0,1,1,0,0 : 271.4169
1,0,1,1,0,0,1,1,1,0,0,1,1,1,0,0 : 271.4169
1,0,1,0,0,0,0,1,1,0,0,1,1,1,0,0 : 271.4169
1,0,1,1,0,0,0,1,1,0,0,1,1,1,0,0 : 271.4169
1,0,1,0,0,0,1,1,1,0,0,1,1,1,0,0 : 271.4169
1,0,1,0,0,0,0,1,1,0,0,1,1,1,0,0 : 271.4169
1,0,1,1,0,0,1,1,1,0,0,1,1,1,0,0 : 271.4169
1,0,1,0,0,0,0,1,1,0,0,1,1,1,0,0 : 271.4169
1,0,1,1,0,0,0,1,1,0,0,1,1,1,0,0 : 271.4169
1,0,1,1,0,0,0,1,1,0,1,0,1,1,0,0 : 271.4169
1,0,1,1,0,0,0,1,1,0,0,1,1,1,0,0 : 271.4169
1,0,1,0,0,0,0,1,1,0,0,1,1,1,0,0 : 271.4169
1,0,1,1,0,0,0,0,1,0,1,0,1,1,0,0 : 271.4169
1,0,1,1,0,0,1,1,1,0,0,1,1,1,0,0 : 271.4169
1,0,1,0,0,0,0,1,1,0,0,1,1,1,0,0 : 271.4169
1,0,1,1,0,0,0,1,1,0,0,1,1,1,0,0 : 271.4169
1,0,1,0,0,0,1,1,1,0,0,1,1,1,0,0 : 271.4169
1,0,1,0,0,0,0,1,1,0,0,1,1,1,0,0 : 271.4169
1,0,1,1,0,0,1,1,1,0,0,1,1,1,0,0 : 271.4169
1,0,1,0,0,0,0,1,1,0,0,1,1,1,0,0 : 271.4169
1,0,1,1,0,0,0,1,1,0,0,1,1,1,0,0 : 271.4169
1,0,1,1,0,0,0,1,1,0,1,0,1,1,0,0 : 271.4169
1,1,1,0,1,1,0,0,1,1,0,0,1,1,0,0 : 279.247
1,1,1,0,1,1,0,0,1,1,0,0,1,1,0,0 : 279.247
1,0,1,1,1,0,0,1,1,0,1,0,1,1,0,0 : 279.357
1,0,1,1,1,0,0,1,1,0,1,0,1,1,0,0 : 279.357
1,0,1,1,1,0,0,1,1,0,1,0,1,1,0,0 : 279.357
1,0,1,1,1,0,0,1,1,0,1,0,1,1,0,0 : 279.357
1,1,0,0,0,1,0,1,1,0,1,0,1,1,0,0 : 286.4
1,1,0,1,0,1,0,1,1,0,1,0,1,1,0,0 : 286.4
1,1,0,0,0,1,0,1,1,0,1,0,1,1,0,0 : 286.4
1,1,0,1,0,1,0,1,1,0,1,0,1,1,0,0 : 286.4
1,1,0,0,0,1,0,1,1,0,1,0,1,1,0,0 : 286.4
1,1,0,1,0,1,0,1,1,0,1,0,1,1,0,0 : 286.4
1,1,0,0,0,1,0,1,1,0,1,0,1,1,0,0 : 286.4
1,1,0,1,0,1,0,1,1,0,1,0,1,1,0,0 : 286.4
1,1,0,0,0,1,1,1,1,0,1,0,1,1,0,0 : 291.673
1,1,0,0,0,1,1,1,1,0,1,0,1,1,0,0 : 291.673
1,0,1,1,0,1,1,0,1,0,0,1,1,1,0,0 : 305.383
1,0,1,0,0,1,0,1,1,0,0,1,1,1,0,0 : 305.383
1,0,1,1,0,1,1,0,1,0,0,1,1,1,0,0 : 305.383
1,0,1,0,0,1,0,1,1,0,0,1,1,1,0,0 : 305.383
1,0,1,1,0,1,1,0,1,0,0,1,1,1,0,0 : 305.383
1,0,1,0,0,1,0,1,1,1,0,0,1,1,0,0 : 305.383
1,0,1,0,0,1,0,1,1,0,0,1,1,1,0,0 : 305.383
1,0,1,1,0,1,1,0,1,0,0,1,1,1,0,0 : 305.383
