1,0,0,0,1,1,0,1,0,1,0 : 202.9366
1,0,0,0,1,0,0,0,1,0,0 : 202.9366
1,0,0,0,1,1,1,0,1,0,0 : 204.73
1,0,0,0,0,0,1,0,0,1,0 : 204.73
1,0,0,0,1,1,0,0,0,0,0 : 202.9366
1,0,0,0,1,1,0,1,1,0,0 : 202.9366
1,0,0,0,1,1,0,1,1,0,0 : 202.9366
1,0,0,0,0,1,0,0,1,0,0 : 202.9366
1,0,0,0,0,1,0,0,0,0,0 : 202.9366
1,0,0,0,0,0,1,0,1,1,0 : 204.73
1,0,0,0,1,1,0,0,0,1,0 : 202.9366
1,0,0,0,1,1,0,1,0,0,0 : 202.9366
1,0,0,0,1,0,1,1,1,1,1 : 215.8533
1,0,0,0,0,1,1,1,1,0,1 : 217.6533
1,1,0,0,0,1,1,0,1,0,0 : 224.43
1,0,0,1,0,0,0,0,0,1,0 : 212.7133
1,0,0,0,0,1,0,0,1,1,0 : 202.9366
1,0,0,0,0,0,1,1,1,0,0 : 204.73
1,0,0,0,1,0,0,1,1,1,0 : 202.9366
1,0,0,0,0,1,0,1,1,0,0 : 202.9366
1,0,0,0,1,0,1,1,1,1,1 : 215.8533
1,0,0,0,0,1,0,0,0,0,0 : 202.9366
1,0,0,0,0,0,0,1,0,1,0 : 202.9366
1,0,0,0,0,0,0,1,1,0,0 : 202.9366
1,0,0,0,0,1,0,1,0,0,0 : 202.9366
1,0,0,0,1,0,0,1,1,0,0 : 202.9366
1,0,0,0,0,1,0,1,1,1,0 : 202.9366
1,0,0,0,1,1,0,1,1,1,0 : 202.9366
1,0,0,0,1,1,0,1,1,0,0 : 202.9366
1,0,0,0,0,1,0,0,1,0,0 : 202.9366
1,0,0,0,0,0,0,1,1,1,0 : 202.9366
1,0,0,0,0,1,0,1,0,0,0 : 202.9366
1,0,0,0,0,1,0,0,1,1,0 : 202.9366
1,0,0,0,1,0,0,0,0,1,0 : 202.9366
1,0,0,0,1,0,0,1,0,1,0 : 202.9366
1,0,0,0,0,1,0,0,1,0,0 : 202.9366
1,0,0,0,1,0,0,1,1,0,0 : 202.9366
1,0,0,0,1,0,0,0,0,0,0 : 202.9366
1,0,0,0,1,0,1,0,0,0,0 : 204.73
1,0,0,0,0,0,0,0,0,1,0 : 202.9366
1,0,0,0,0,0,0,0,1,1,0 : 202.9366
1,0,0,0,0,0,0,1,0,1,0 : 202.9366
1,0,0,0,0,1,0,1,0,0,0 : 202.9366
1,0,0,0,0,0,0,0,1,0,0 : 202.9366
1,0,0,0,0,0,1,1,0,0,0 : 204.73
1,0,0,0,0,1,1,0,0,0,0 : 204.73
1,0,0,0,1,1,0,0,0,0,0 : 202.9366
1,0,0,0,0,0,0,1,0,0,0 : 202.9366
1,0,0,0,1,0,1,1,1,1,0 : 204.73
1,0,0,0,0,0,0,0,0,0,0 : 202.9366
1,0,0,0,0,1,0,0,0,0,0 : 202.9366
1,0,0,0,0,0,1,1,0,1,0 : 204.73
1,0,0,0,1,0,1,1,0,0,0 : 204.73
1,0,0,0,0,0,0,0,0,0,0 : 202.9366
1,0,0,0,1,0,0,0,1,1,0 : 202.9366
1,0,0,0,1,0,0,1,1,1,0 : 202.9366
1,0,0,0,0,1,0,1,0,0,0 : 202.9366
1,0,0,0,1,0,0,0,0,1,0 : 202.9366
1,0,0,0,1,0,0,0,0,1,0 : 202.9366
1,0,0,0,0,0,0,0,1,1,0 : 202.9366
1,0,0,0,0,1,0,0,0,1,0 : 202.9366
1,0,0,0,1,0,1,1,0,0,0 : 204.73
1,0,0,0,0,1,0,1,0,1,0 : 202.9366
1,0,0,0,0,1,0,0,0,1,0 : 202.9366
1,0,0,0,1,1,0,0,0,0,0 : 202.9366
1,0,0,0,1,1,0,1,0,0,0 : 202.9366
1,0,0,0,1,0,1,0,1,0,0 : 204.73
1,0,0,0,1,0,1,1,0,1,0 : 204.73
1,0,0,0,0,1,0,1,0,1,0 : 202.9366
1,0,0,0,1,0,0,0,1,0,0 : 202.9366
1,0,0,0,1,0,0,0,1,0,0 : 202.9366
1,0,0,0,0,0,1,1,1,0,0 : 204.73
1,0,0,0,1,0,0,0,0,0,0 : 202.9366
1,0,0,0,1,0,0,0,0,0,0 : 202.9366
1,0,0,0,0,1,0,1,1,1,0 : 202.9366
1,0,0,0,0,1,1,0,1,1,0 : 204.73
1,0,0,0,1,1,0,0,1,1,0 : 202.9366
1,0,0,0,0,1,1,1,1,1,0 : 204.73
1,0,0,1,0,1,0,1,0,1,0 : 212.7133
1,0,0,0,1,0,0,0,0,1,0 : 202.9366
1,0,0,0,0,0,0,1,0,0,0 : 202.9366
1,0,0,0,0,0,0,0,0,0,0 : 202.9366
1,0,0,0,0,0,0,0,0,0,0 : 202.9366
1,0,0,0,1,0,0,0,0,1,0 : 202.9366
1,0,0,0,0,0,0,1,0,1,0 : 202.9366
1,0,0,0,0,0,0,0,0,0,0 : 202.9366
1,0,0,0,0,0,0,0,1,1,0 : 202.9366
1,1,0,0,1,0,0,1,0,1,1 : 231.8866
1,0,0,0,0,0,0,0,1,0,0 : 202.9366
1,0,1,0,0,0,0,1,1,1,0 : 218.0966
1,0,0,0,0,0,1,1,1,0,1 : 217.6533
1,0,0,0,0,0,0,0,1,1,0 : 202.9366
1,0,0,0,0,0,0,0,0,1,0 : 202.9366
1,0,0,0,1,0,0,0,0,1,0 : 202.9366
1,0,0,0,0,1,1,1,0,0,0 : 204.73
1,0,0,0,1,0,1,1,1,1,0 : 204.73
1,0,0,0,1,1,0,1,0,0,0 : 202.9366
1,0,0,0,1,1,0,1,1,1,0 : 202.9366
1,0,0,0,1,0,0,1,1,1,0 : 202.9366
1,0,0,0,0,0,0,0,1,0,0 : 202.9366
