0,1,0,0,0,1,0,0,1,0,1,0,1,1,0,1,1,0,1,1,1,1,0,1,0,1,0,1,0,1,0,1,1,0,0,0,0,1,0 : 13.1776
1,1,0,1,0,0,1,0,0,0,0,1,0,0,0,0,1,0,1,1,1,1,1,1,0,0,0,0,1,0,1,0,1,1,0,1,0,1,1 : 13.2188
1,1,1,0,1,0,0,1,0,0,1,1,0,1,0,0,0,0,1,1,1,1,0,0,0,1,0,1,0,0,1,0,1,0,0,0,0,0,1 : 13.6089
0,1,0,1,0,1,1,0,0,0,0,1,1,0,0,1,0,0,1,1,0,0,0,1,1,1,0,0,0,1,0,0,1,0,0,1,0,1,0 : 13.1776
1,1,0,1,0,0,0,1,1,0,1,0,0,1,0,1,1,1,0,1,1,0,0,1,0,1,0,1,1,0,0,0,1,0,0,0,1,1,0 : 13.324
0,1,0,0,0,1,1,1,1,0,0,1,0,1,1,1,0,1,1,0,1,0,1,0,0,0,1,0,0,0,0,0,0,0,0,0,1,0,0 : 13.2777
1,1,0,1,1,1,0,0,1,0,1,0,1,0,1,1,0,1,0,0,1,0,1,0,0,0,1,1,1,0,0,1,0,1,1,0,1,0,0 : 13.2777
1,1,0,0,1,0,1,1,1,1,1,1,1,1,0,0,0,1,1,1,0,1,1,0,1,0,1,0,0,0,0,0,0,1,0,1,0,0,0 : 14.3368
0,0,0,0,0,1,1,0,1,0,0,0,1,0,0,1,0,0,1,0,0,1,1,0,0,0,0,0,1,0,0,0,0,1,0,0,1,0,0 : 13.2777
0,1,0,0,0,1,0,1,0,1,0,1,0,1,0,1,0,1,0,1,0,1,1,0,0,0,0,1,0,0,1,0,1,0,0,0,0,0,1 : 13.168
0,1,0,1,1,1,1,0,1,0,1,0,0,1,1,1,0,1,0,0,0,1,0,0,0,0,0,1,0,0,1,0,0,1,0,1,0,1,0 : 13.2777
1,0,0,0,0,0,1,1,1,1,0,1,1,0,1,0,1,1,1,1,1,0,1,0,0,1,0,0,1,0,0,0,0,1,0,0,1,0,0 : 13.024
1,0,0,1,1,0,0,1,0,1,1,1,0,0,0,0,1,1,0,1,1,0,1,0,0,0,1,1,0,1,0,1,0,1,0,0,0,0,1 : 13.168
0,1,0,0,1,0,0,1,1,0,0,0,0,0,1,1,0,0,1,1,1,1,1,1,1,1,0,0,0,0,1,0,0,0,0,1,0,0,1 : 13.1698
0,1,0,0,1,0,0,0,1,1,0,1,1,1,1,0,1,0,1,0,0,1,1,1,1,1,0,0,1,1,0,0,1,1,1,0,0,0,1 : 13.5508
1,0,1,0,0,0,1,1,1,1,0,1,0,1,0,0,0,0,0,1,1,0,1,0,1,1,0,0,0,1,1,0,1,1,0,1,0,1,0 : 13.176
1,0,0,0,0,1,1,0,0,1,0,1,0,0,0,0,1,0,1,1,0,0,0,0,0,0,0,1,0,1,0,1,0,1,0,1,0,1,0 : 13.176
0,0,0,1,1,1,1,0,0,1,1,1,0,0,0,1,0,1,0,0,1,1,0,1,0,1,1,0,0,1,0,0,1,1,0,1,0,1,0 : 13.3405
1,0,0,1,0,0,0,1,0,1,1,1,0,0,0,1,0,0,0,1,0,1,1,0,0,0,0,1,0,1,0,0,1,0,0,0,0,0,0 : 13.168
0,0,0,0,0,1,0,0,0,1,0,1,0,0,0,1,0,0,1,1,1,0,0,1,0,0,0,0,1,1,1,0,1,0,0,0,0,1,1 : 13.1776
0,1,0,0,1,1,1,1,1,1,0,1,1,1,0,1,0,1,0,0,0,1,0,0,1,0,1,1,0,1,0,0,1,0,0,1,0,1,1 : 13.2777
1,0,0,0,0,1,1,1,0,1,1,1,1,0,1,0,1,1,0,1,1,0,1,0,1,1,0,0,0,1,0,0,0,1,0,0,0,0,0 : 13.024
1,0,0,1,1,0,0,0,1,0,1,0,0,1,0,0,1,0,0,0,1,0,0,1,1,1,0,0,1,1,0,0,0,0,0,1,1,1,0 : 13.607
1,1,0,1,1,0,1,0,0,1,1,1,1,0,0,1,1,1,0,0,1,0,1,0,0,0,0,0,0,0,1,1,0,1,0,1,0,0,1 : 13.2777
0,0,0,0,0,1,0,1,1,1,1,0,0,1,0,1,0,0,1,0,0,1,1,1,0,0,1,1,0,0,1,1,0,1,1,0,0,0,1 : 13.2777
1,0,1,0,1,0,0,1,0,0,1,1,1,0,0,0,0,1,0,0,1,0,1,1,0,0,0,0,1,1,0,1,1,0,0,1,0,1,0 : 13.8168
1,0,0,1,0,0,0,1,0,1,0,1,0,0,0,0,0,0,1,1,0,0,0,1,0,1,0,1,0,0,1,0,0,0,0,1,0,1,0 : 13.176
0,0,0,1,0,0,0,0,1,0,0,0,1,1,0,1,0,1,0,0,0,1,0,1,0,0,0,0,0,0,1,0,0,1,0,1,1,0,0 : 13.2777
0,1,0,1,0,1,0,1,1,0,1,1,1,0,1,1,0,0,1,0,1,1,0,1,1,1,0,0,0,1,1,1,1,0,0,1,0,1,0 : 13.3405
0,0,0,0,1,1,0,1,0,1,1,1,1,0,0,1,1,0,0,0,0,1,1,0,0,0,0,1,0,0,1,0,0,1,0,0,0,1,1 : 13.2777
1,0,0,1,0,0,0,1,1,0,0,0,1,1,1,0,0,0,0,1,1,1,0,0,1,1,0,0,1,1,0,0,0,0,0,0,1,1,1 : 13.176
1,0,0,1,0,1,0,1,1,0,1,0,1,1,1,0,0,1,1,0,1,0,1,0,0,1,1,0,1,1,1,0,0,1,0,0,0,1,1 : 13.607
1,0,0,1,0,0,0,0,0,1,1,0,1,1,1,1,0,0,0,0,0,0,0,0,0,0,1,0,0,1,0,0,0,1,0,0,1,1,1 : 13.2777
1,1,1,0,0,1,0,1,1,0,1,1,0,0,1,1,1,1,1,1,1,0,0,0,0,0,0,0,0,1,0,0,1,0,0,0,1,1,0 : 13.1776
0,1,0,0,0,1,0,1,1,1,1,1,0,0,1,0,1,0,0,1,0,0,0,0,0,1,0,0,1,0,0,0,0,1,0,1,1,1,0 : 13.2188
1,0,0,1,0,1,1,0,1,0,0,0,1,0,1,0,1,0,0,0,0,1,1,1,0,1,1,0,1,0,1,0,0,0,1,1,0,0,0 : 13.7033
1,1,0,0,0,0,1,1,1,1,1,1,0,1,1,1,0,0,1,1,0,0,0,1,0,1,0,1,0,1,0,0,0,1,0,1,0,1,0 : 13.1776
1,1,0,1,1,0,1,0,1,1,0,1,0,0,0,1,1,0,0,0,1,0,0,0,0,0,1,0,1,0,1,1,1,0,0,1,1,1,1 : 13.2777
0,0,1,1,0,0,0,0,0,1,1,1,0,0,0,0,0,1,1,1,1,0,0,0,1,1,0,0,1,1,0,0,0,0,0,0,0,1,0 : 13.176
0,0,0,1,1,1,1,1,1,0,0,0,1,1,0,1,0,1,1,0,1,1,0,1,0,0,0,0,1,0,0,0,1,0,0,0,0,0,0 : 13.2777
1,0,0,1,0,1,1,1,0,1,1,1,0,0,1,1,0,1,0,1,0,1,0,1,0,0,0,1,1,0,0,1,0,1,0,0,1,1,0 : 13.324
0,0,0,0,1,0,0,0,1,1,1,0,1,1,1,0,0,0,1,0,1,0,0,0,0,1,0,1,0,1,0,0,1,0,0,1,1,0,0 : 13.7033
1,0,0,1,0,0,0,0,0,1,0,0,0,0,0,1,1,1,0,0,1,0,1,1,1,0,1,0,1,0,1,0,1,1,0,0,0,1,1 : 13.2777
1,0,0,1,0,0,0,1,1,0,0,0,0,1,1,1,0,0,0,1,1,1,1,0,0,0,1,0,0,1,1,1,0,1,0,0,0,0,0 : 13.168
1,0,0,1,0,0,0,1,0,0,1,1,0,1,1,1,1,0,1,1,0,1,1,0,0,0,0,0,0,1,1,0,1,1,0,1,0,1,1 : 13.1776
1,1,1,1,0,0,0,0,0,1,1,0,1,0,1,1,1,0,1,1,1,1,1,0,0,1,0,1,1,0,0,0,1,0,0,1,0,1,1 : 13.1776
1,0,0,0,0,1,1,1,1,1,1,0,1,1,1,0,1,0,1,1,1,1,0,0,0,1,0,0,0,0,1,0,0,0,0,1,1,1,0 : 13.176
0,1,0,1,0,1,0,0,0,1,0,1,0,0,1,0,1,0,1,1,1,1,0,0,0,1,0,0,1,0,1,0,1,0,0,1,1,1,1 : 13.2188
1,1,0,1,0,1,0,1,1,1,0,1,0,0,1,1,0,1,1,1,1,0,1,1,0,1,1,0,0,0,0,0,1,1,0,1,0,0,1 : 13.1698
1,1,0,1,0,0,0,1,0,0,1,1,0,0,1,1,0,0,0,0,0,0,0,0,0,0,1,0,1,0,0,1,0,1,1,0,0,1,0 : 13.2777
1,0,1,0,0,0,1,1,0,0,1,1,0,0,0,1,1,1,0,0,1,1,0,0,1,1,0,0,1,1,1,0,0,1,0,0,0,0,0 : 13.7107
1,1,0,1,0,0,0,0,1,0,1,1,1,1,0,0,1,0,1,1,0,1,0,1,1,0,1,0,0,1,1,0,1,1,0,1,1,0,0 : 13.7198
1,0,1,1,0,0,0,1,1,0,0,1,0,1,1,0,0,1,1,1,0,0,1,0,1,1,0,0,0,0,0,0,1,0,1,1,0,0,0 : 13.1698
0,1,0,1,1,1,1,1,0,1,1,1,0,0,1,1,1,0,0,0,1,1,0,1,0,0,0,0,1,0,1,0,0,1,0,0,0,1,1 : 13.2777
1,0,0,1,0,1,1,0,0,0,0,0,0,0,0,1,0,0,0,0,0,0,1,0,1,1,0,0,0,1,0,0,0,0,0,0,0,1,1 : 13.3405
0,1,0,0,0,1,1,0,1,1,0,0,0,1,1,1,0,1,1,0,1,1,0,1,0,0,1,0,1,0,1,0,1,0,1,1,0,0,0 : 13.2777
0,0,0,0,0,1,0,0,1,1,1,1,0,1,0,0,0,1,1,1,1,0,1,1,0,1,0,0,0,0,1,0,1,0,0,0,0,1,1 : 13.176
1,1,0,0,1,1,0,0,0,0,0,1,0,0,0,0,1,0,1,0,1,0,1,1,0,0,0,0,0,1,1,0,1,1,0,1,1,0,1 : 13.5915
1,1,0,0,1,1,0,1,1,1,1,1,0,1,0,0,0,0,1,0,1,0,0,1,0,1,0,0,0,0,0,0,1,1,0,0,0,1,0 : 13.3405
0,1,0,0,0,0,0,0,1,1,0,0,0,0,1,1,0,0,0,1,0,1,1,1,0,0,1,0,1,0,0,0,1,0,0,0,0,0,1 : 13.168
0,1,0,1,0,0,1,1,1,0,1,1,1,1,1,1,0,0,0,0,0,0,0,1,0,0,0,0,0,1,0,0,0,1,0,0,1,1,0 : 13.2777
1,0,0,0,0,0,0,0,1,0,1,1,0,1,1,1,1,0,0,0,1,1,0,0,1,0,1,1,0,1,0,1,1,0,0,0,0,0,0 : 13.2777
1,0,0,0,1,1,1,0,0,0,1,1,0,0,1,1,0,1,1,0,1,1,0,0,1,1,0,0,1,1,1,1,0,1,0,0,0,1,0 : 13.607
0,0,0,1,0,1,0,0,0,0,0,1,1,0,0,1,1,0,0,0,1,1,0,1,1,0,1,0,1,1,0,0,1,1,0,0,0,1,0 : 13.2777
0,0,0,0,0,1,1,1,1,1,0,0,0,1,0,1,1,0,1,0,0,0,0,1,0,1,1,0,1,1,1,1,1,0,1,0,0,1,0 : 13.607
0,0,0,0,1,1,0,1,0,1,1,0,1,0,1,0,1,0,0,1,1,1,0,1,0,0,1,0,0,1,0,0,1,1,0,1,1,0,0 : 13.7198
0,0,0,1,0,0,0,1,0,0,1,0,1,0,1,0,0,0,0,1,1,0,0,0,0,0,0,0,0,0,0,0,1,1,0,1,0,1,1 : 13.176
1,1,0,0,0,0,0,0,1,1,0,0,0,0,0,1,0,0,1,0,1,0,0,1,1,0,1,1,0,1,0,0,1,1,0,0,1,0,0 : 13.2777
1,0,0,0,1,1,1,1,0,0,0,1,0,1,1,0,0,1,1,0,1,0,1,0,1,1,0,0,0,0,0,1,1,0,0,0,1,1,0 : 13.3405
1,1,0,0,0,1,1,0,1,0,0,0,0,0,0,1,0,0,0,0,1,0,1,0,0,0,0,0,0,1,0,0,0,1,0,0,1,1,0 : 13.2777
1,1,0,0,0,0,0,1,0,1,1,1,1,1,0,1,0,1,1,1,0,1,0,1,0,1,0,0,0,0,1,0,0,1,0,0,0,1,1 : 13.1776
1,1,0,1,0,0,0,1,1,1,0,1,0,1,1,1,1,0,1,1,1,0,1,1,0,1,0,1,0,0,1,1,0,1,0,0,0,1,1 : 13.1776
0,0,0,0,1,0,0,0,1,1,1,1,1,0,1,0,1,0,1,0,1,1,1,1,1,1,0,0,0,1,0,0,1,1,0,0,1,1,1 : 13.3405
1,1,0,0,0,1,0,1,0,1,0,1,0,1,0,1,0,0,1,0,1,0,0,0,0,1,1,0,0,1,1,0,1,0,0,1,1,1,1 : 13.3405
0,0,0,1,0,1,0,0,0,1,1,0,0,0,0,1,0,0,0,1,0,1,1,1,0,0,0,0,1,1,0,0,1,0,0,0,0,0,0 : 13.168
1,1,0,0,0,1,0,1,1,1,1,1,0,0,0,1,0,1,1,0,1,0,1,1,0,0,1,0,0,0,0,0,0,0,0,0,1,1,1 : 13.2777
1,1,1,1,0,0,0,1,1,0,0,1,0,0,1,0,1,0,0,1,1,1,1,0,0,1,0,0,1,0,1,1,0,1,0,1,1,1,0 : 13.2188
1,1,0,1,0,1,0,1,0,1,1,1,0,1,1,0,0,0,1,1,1,0,0,0,0,0,0,0,0,1,0,1,1,0,0,1,1,1,1 : 13.2188
1,1,0,1,1,0,0,0,1,0,1,0,0,1,0,1,1,1,0,0,0,0,1,0,0,0,1,1,0,1,0,1,1,0,0,1,0,1,1 : 13.2777
0,0,0,1,0,0,0,1,0,1,1,0,0,0,0,0,1,1,0,0,0,1,1,1,0,1,1,1,1,0,0,0,0,1,0,0,0,1,1 : 13.607
1,1,0,1,0,0,0,0,0,0,0,0,0,1,1,0,1,0,0,1,0,0,1,1,0,1,0,0,1,0,0,0,0,1,0,0,0,0,1 : 13.168
0,0,1,1,0,0,0,0,0,0,1,0,0,1,1,0,0,0,0,1,1,0,0,1,0,0,0,0,1,1,1,0,1,0,0,1,1,1,0 : 13.176
0,0,0,1,1,0,0,0,1,0,1,0,0,0,0,1,0,1,0,1,0,1,1,0,0,1,1,1,1,0,0,0,0,1,1,0,0,0,1 : 13.168
1,0,0,1,1,0,0,0,0,0,0,0,1,0,1,0,1,0,0,0,1,1,0,0,0,1,1,0,0,0,1,0,0,1,0,0,0,1,1 : 13.3405
0,1,1,0,0,1,0,0,0,0,0,0,1,1,0,0,1,0,1,1,0,0,1,1,1,0,1,0,1,1,1,0,1,1,0,0,0,1,1 : 14.2166
1,0,0,1,0,0,1,1,0,1,0,1,1,0,0,0,0,1,1,1,0,0,0,0,0,0,0,1,1,0,0,0,0,0,0,0,1,1,1 : 13.176
0,1,0,1,1,1,1,1,0,0,0,0,1,0,0,0,1,1,1,0,1,1,0,0,1,1,0,0,1,0,0,1,0,1,0,0,1,0,1 : 13.5231
1,0,0,1,0,1,1,1,1,0,0,1,1,0,1,1,0,1,1,0,0,0,1,0,1,0,1,0,1,0,0,0,1,1,0,1,0,0,0 : 13.2777
1,0,0,0,0,1,0,1,0,1,0,1,1,0,0,0,1,1,0,1,1,1,0,0,0,0,0,1,1,0,0,0,0,1,0,0,1,1,1 : 13.176
0,0,0,0,0,1,1,1,1,0,1,0,1,0,1,0,0,0,0,1,1,0,1,1,0,0,0,0,1,1,0,0,1,1,0,1,1,1,1 : 13.176
1,1,0,0,1,1,1,0,0,1,0,1,1,0,1,1,0,0,0,0,1,0,1,0,0,0,1,1,0,0,1,1,1,0,0,0,0,1,0 : 13.2777
1,1,0,1,0,1,0,0,0,0,1,1,1,0,0,0,0,1,1,1,1,1,1,0,1,1,0,0,1,1,0,0,0,1,0,0,1,1,1 : 13.2188
0,0,0,1,1,1,1,0,0,1,1,1,1,0,0,0,0,1,0,0,0,1,0,1,1,1,0,0,0,0,1,1,1,0,0,1,0,1,1 : 13.3405
1,1,0,1,1,0,0,0,1,1,0,0,1,0,0,1,1,1,0,0,0,0,1,0,0,0,0,1,0,1,0,0,1,1,0,0,1,1,1 : 13.2777
0,1,0,1,1,0,0,0,0,0,1,0,1,1,0,1,0,1,0,0,1,1,0,1,0,0,0,0,0,1,1,0,0,1,0,1,1,0,1 : 13.2777
0,1,0,0,0,0,1,0,0,1,0,0,1,0,1,1,0,0,0,0,1,1,1,1,0,0,1,0,0,1,1,0,0,1,1,0,0,1,0 : 13.2777
1,0,0,0,1,1,1,1,0,1,0,1,0,0,1,0,0,1,0,0,0,1,0,0,0,1,0,0,0,1,0,0,0,0,1,0,0,1,0 : 13.3405
1,0,0,1,1,0,0,0,0,1,0,0,1,1,0,1,0,0,0,0,0,1,0,1,0,0,0,0,0,0,0,0,0,1,0,1,0,1,1 : 13.2777
0,1,0,0,0,0,1,0,1,0,0,0,0,0,1,1,1,1,1,1,1,0,1,1,0,1,0,0,0,1,1,0,1,1,0,1,0,1,1 : 13.1776
0,0,0,1,0,1,0,1,1,0,0,1,0,0,0,1,0,0,1,1,0,1,0,1,0,1,0,0,0,0,1,1,1,0,0,0,0,1,1 : 13.1776
