0,0,0,0,0,0,0,0,0,0,1,0,0,0,1,1,0,1,0,1,0,1,1,0,1,0,1,0,0,1,1,0,1,0,1,0,0,0,1 : 13.168
1,1,0,1,0,1,0,0,0,0,1,0,0,0,1,0,1,0,0,1,0,0,1,1,0,1,0,0,1,0,0,0,0,1,0,0,0,0,1 : 13.168
1,1,0,0,0,1,0,0,0,0,0,0,0,0,1,0,1,0,0,1,0,0,1,1,0,0,0,0,1,0,0,0,0,0,0,0,0,0,1 : 13.168
0,0,0,1,1,0,0,0,0,0,1,0,0,0,1,1,0,1,0,1,0,1,1,0,1,0,1,0,1,0,1,0,1,0,1,0,0,0,1 : 13.168
1,1,0,0,0,1,0,0,0,0,0,0,0,0,1,0,0,0,1,1,0,0,1,1,0,0,1,0,1,0,0,0,0,1,0,0,0,0,1 : 13.168
0,0,0,0,1,0,0,0,0,0,1,0,0,0,1,1,0,1,0,1,0,1,1,0,1,0,1,0,0,1,1,0,0,0,1,0,0,0,1 : 13.168
1,1,0,1,0,1,0,0,0,0,1,0,0,0,1,0,1,0,0,1,0,0,1,1,0,1,0,0,1,0,0,0,1,1,0,0,0,0,1 : 13.168
1,1,0,0,0,0,0,0,0,0,0,0,0,0,1,0,1,0,0,1,0,0,1,1,0,1,0,0,1,0,0,0,0,0,0,0,0,0,1 : 13.168
0,0,0,0,1,0,0,0,0,0,1,0,0,0,1,1,0,1,0,1,0,1,1,0,1,0,1,0,1,0,1,0,1,0,1,0,0,0,1 : 13.168
0,0,0,0,0,0,0,0,0,0,1,0,0,0,1,1,0,1,0,1,0,1,1,0,1,0,1,0,0,1,1,0,1,0,1,0,0,0,1 : 13.168
1,1,0,1,0,1,0,0,0,0,1,0,0,0,1,0,1,0,0,1,0,0,1,1,0,1,0,0,1,0,0,0,0,1,0,0,0,0,1 : 13.168
1,1,0,0,0,1,0,0,0,0,0,0,0,0,1,0,1,0,0,1,0,0,1,1,0,0,0,0,1,0,0,0,0,0,0,0,0,0,1 : 13.168
0,0,0,1,1,0,0,0,0,0,1,0,0,0,1,1,0,1,0,1,0,1,1,0,1,0,1,0,1,0,1,0,1,0,1,0,0,0,1 : 13.168
1,1,0,0,0,1,0,0,0,0,0,0,0,0,1,0,0,0,1,1,0,0,1,1,0,0,1,0,1,0,0,0,0,1,0,0,0,0,1 : 13.168
0,0,0,0,1,0,0,0,0,0,1,0,0,0,1,1,0,1,0,1,0,1,1,0,1,0,1,0,0,1,1,0,0,0,1,0,0,0,1 : 13.168
1,1,0,1,0,1,0,0,0,0,1,0,0,0,1,0,1,0,0,1,0,0,1,1,0,1,0,0,1,0,0,0,1,1,0,0,0,0,1 : 13.168
1,1,0,0,0,0,0,0,0,0,0,0,0,0,1,0,1,0,0,1,0,0,1,1,0,1,0,0,1,0,0,0,0,0,0,0,0,0,1 : 13.168
0,0,0,0,1,0,0,0,0,0,1,0,0,0,1,1,0,1,0,1,0,1,1,0,1,0,1,0,1,0,1,0,1,0,1,0,0,0,1 : 13.168
1,1,0,1,0,0,0,0,0,0,0,0,0,0,1,0,1,0,0,1,0,0,1,1,0,0,1,0,1,0,0,0,0,1,0,1,0,0,1 : 13.1698
1,0,1,1,0,0,0,0,1,0,0,0,0,1,1,0,1,1,1,1,0,0,1,0,1,1,0,0,1,0,0,0,1,0,1,1,0,0,0 : 13.1698
1,1,0,1,0,1,0,0,1,0,0,0,0,0,1,0,1,0,0,1,0,0,1,1,0,0,1,0,1,0,1,0,0,1,0,1,0,0,1 : 13.1698
1,0,1,1,0,0,0,0,1,0,0,0,0,1,1,0,1,1,1,1,0,1,1,0,1,1,0,1,1,0,0,0,1,0,1,1,0,0,0 : 13.1698
1,1,0,1,0,1,0,0,1,0,0,0,0,0,1,1,1,0,1,1,0,0,1,1,0,1,0,1,1,0,0,0,0,1,0,1,0,0,1 : 13.1698
1,1,0,1,0,0,0,0,0,0,0,0,0,0,1,0,1,0,0,1,0,0,1,1,0,0,1,0,1,0,0,0,0,1,0,1,0,0,1 : 13.1698
1,0,1,1,0,0,0,0,1,0,0,0,0,1,1,0,1,1,1,1,0,0,1,0,1,1,0,0,1,0,0,0,1,0,1,1,0,0,0 : 13.1698
1,1,0,1,0,1,0,0,1,0,0,0,0,0,1,0,1,0,0,1,0,0,1,1,0,0,1,0,1,0,1,0,0,1,0,1,0,0,1 : 13.1698
1,0,1,1,0,0,0,0,1,0,0,0,0,1,1,0,1,1,1,1,0,1,1,0,1,1,0,1,1,0,0,0,1,0,1,1,0,0,0 : 13.1698
1,1,0,1,0,1,0,0,1,0,0,0,0,0,1,1,1,0,1,1,0,0,1,1,0,1,0,1,1,0,0,0,0,1,0,1,0,0,1 : 13.1698
0,0,0,1,0,1,0,1,0,0,1,0,1,0,1,0,1,1,0,1,1,0,0,0,0,0,0,0,0,0,0,0,1,1,0,1,0,1,0 : 13.176
0,0,0,1,0,0,0,1,0,1,1,0,1,0,1,0,0,1,0,1,0,0,0,0,0,0,0,0,0,0,0,0,1,1,0,1,0,1,0 : 13.176
0,0,1,1,0,0,0,0,0,0,1,1,0,0,0,0,0,1,1,1,1,0,0,0,1,1,0,0,1,1,0,0,1,0,0,0,0,1,0 : 13.176
0,0,0,1,0,0,1,0,1,1,1,1,0,0,0,0,0,0,0,1,1,0,1,1,0,1,0,1,0,1,0,0,0,1,0,0,1,1,1 : 13.176
1,0,0,1,0,0,1,0,0,1,0,1,1,0,1,0,1,1,1,1,0,0,1,0,0,0,0,1,1,0,0,0,0,0,0,0,1,1,1 : 13.176
0,0,0,1,0,0,1,1,1,1,1,1,1,0,0,0,1,1,0,1,1,0,0,1,0,1,0,1,0,1,0,0,1,1,0,1,1,1,1 : 13.176
0,0,0,1,0,0,0,0,0,0,1,0,1,0,1,0,0,0,0,1,0,0,0,0,0,0,0,0,0,0,0,0,0,1,0,0,0,1,0 : 13.176
0,0,1,1,0,0,0,0,0,0,1,1,0,0,0,0,0,0,1,1,1,0,1,0,1,1,0,0,1,1,0,0,1,0,0,0,0,1,0 : 13.176
0,0,0,1,0,1,1,0,0,1,1,1,1,0,1,0,0,0,1,1,0,0,1,0,0,0,0,1,1,0,0,0,0,0,0,0,0,1,1 : 13.176
0,0,0,1,0,0,0,1,0,0,1,0,1,0,1,0,0,1,0,1,1,0,0,0,0,0,0,0,0,1,0,0,1,1,0,1,0,1,0 : 13.176
0,0,1,1,0,0,0,0,0,0,1,1,0,0,0,0,0,1,1,1,1,0,0,0,1,1,0,0,1,1,0,0,1,0,0,0,0,1,0 : 13.176
0,0,0,1,0,0,1,0,1,1,1,1,0,1,0,0,0,0,0,1,1,0,1,1,0,1,0,1,0,1,0,0,0,1,0,0,1,1,1 : 13.176
1,0,0,1,0,0,1,0,0,1,1,1,1,0,1,0,1,1,1,1,0,0,1,0,0,0,0,1,1,0,0,0,0,0,0,0,1,1,1 : 13.176
0,0,0,1,0,0,0,1,0,1,1,0,1,0,1,0,1,1,1,1,1,0,0,0,0,0,0,0,0,0,0,0,1,0,0,0,0,1,0 : 13.176
0,0,0,1,0,0,1,1,1,0,1,1,1,0,0,0,0,1,0,1,1,0,1,1,0,1,0,1,0,1,0,0,1,1,0,1,1,1,1 : 13.176
0,0,0,1,0,0,0,0,0,0,1,0,1,0,1,0,1,0,0,1,0,0,0,1,0,0,0,0,0,0,0,0,0,1,0,0,0,1,0 : 13.176
0,0,0,1,0,1,1,1,0,1,1,1,1,0,1,0,0,1,1,1,0,0,1,0,0,0,0,1,1,0,0,0,0,0,0,0,1,1,1 : 13.176
0,0,1,1,0,0,0,1,1,0,1,1,0,1,0,0,0,0,1,1,0,0,1,1,0,1,0,0,0,1,1,0,1,0,0,0,0,1,0 : 13.176
0,0,0,1,0,1,0,1,0,0,1,0,1,0,1,0,1,1,0,1,1,0,0,0,0,0,0,0,0,0,0,0,1,1,0,1,0,1,0 : 13.176
0,0,0,1,0,0,0,1,0,1,1,0,1,0,1,0,0,1,0,1,0,0,0,0,0,0,0,0,0,0,0,0,1,1,0,1,0,1,0 : 13.176
0,0,1,1,0,0,0,0,0,0,1,1,0,0,0,0,0,1,1,1,1,0,0,0,1,1,0,0,1,1,0,0,1,0,0,0,0,1,0 : 13.176
0,0,0,1,0,0,1,0,1,1,1,1,0,0,0,0,0,0,0,1,1,0,1,1,0,1,0,1,0,1,0,0,0,1,0,0,1,1,1 : 13.176
1,0,0,1,0,0,1,0,0,1,0,1,1,0,1,0,1,1,1,1,0,0,1,0,0,0,0,1,1,0,0,0,0,0,0,0,1,1,1 : 13.176
0,0,0,1,0,0,1,1,1,1,1,1,1,0,0,0,1,1,0,1,1,0,0,1,0,1,0,1,0,1,0,0,1,1,0,1,1,1,1 : 13.176
0,0,0,1,0,0,0,0,0,0,1,0,1,0,1,0,0,0,0,1,0,0,0,0,0,0,0,0,0,0,0,0,0,1,0,0,0,1,0 : 13.176
0,0,1,1,0,0,0,0,0,0,1,1,0,0,0,0,0,0,1,1,1,0,1,0,1,1,0,0,1,1,0,0,1,0,0,0,0,1,0 : 13.176
0,0,0,1,0,1,1,0,0,1,1,1,1,0,1,0,0,0,1,1,0,0,1,0,0,0,0,1,1,0,0,0,0,0,0,0,0,1,1 : 13.176
0,0,0,1,0,0,0,1,0,0,1,0,1,0,1,0,0,1,0,1,1,0,0,0,0,0,0,0,0,1,0,0,1,1,0,1,0,1,0 : 13.176
0,0,1,1,0,0,0,0,0,0,1,1,0,0,0,0,0,1,1,1,1,0,0,0,1,1,0,0,1,1,0,0,1,0,0,0,0,1,0 : 13.176
0,0,0,1,0,0,1,0,1,1,1,1,0,1,0,0,0,0,0,1,1,0,1,1,0,1,0,1,0,1,0,0,0,1,0,0,1,1,1 : 13.176
1,0,0,1,0,0,1,0,0,1,1,1,1,0,1,0,1,1,1,1,0,0,1,0,0,0,0,1,1,0,0,0,0,0,0,0,1,1,1 : 13.176
0,0,0,1,0,0,0,1,0,1,1,0,1,0,1,0,1,1,1,1,1,0,0,0,0,0,0,0,0,0,0,0,1,0,0,0,0,1,0 : 13.176
0,0,0,1,0,0,1,1,1,0,1,1,1,0,0,0,0,1,0,1,1,0,1,1,0,1,0,1,0,1,0,0,1,1,0,1,1,1,1 : 13.176
0,0,0,1,0,0,0,0,0,0,1,0,1,0,1,0,1,0,0,1,0,0,0,1,0,0,0,0,0,0,0,0,0,1,0,0,0,1,0 : 13.176
0,0,0,1,0,1,1,1,0,1,1,1,1,0,1,0,0,1,1,1,0,0,1,0,0,0,0,1,1,0,0,0,0,0,0,0,1,1,1 : 13.176
0,0,1,1,0,0,0,1,1,0,1,1,0,1,0,0,0,0,1,1,0,0,1,1,0,1,0,0,0,1,1,0,1,0,0,0,0,1,0 : 13.176
0,1,0,1,0,0,0,1,0,0,0,1,0,0,0,1,0,1,1,1,0,0,0,0,0,1,0,1,0,0,1,0,0,0,0,0,1,1,0 : 13.1776
0,1,0,1,0,0,0,1,0,0,0,1,0,0,0,1,0,1,1,1,0,0,0,1,0,1,0,1,0,0,1,0,1,1,0,0,1,1,0 : 13.1776
0,0,1,1,0,0,0,1,1,0,1,1,0,1,0,1,0,1,1,1,0,0,1,1,0,1,0,0,0,1,1,0,1,0,0,0,0,1,0 : 13.1776
0,1,0,1,0,0,0,1,0,0,0,1,0,0,0,1,0,1,1,1,0,0,0,1,0,1,0,1,0,0,1,0,1,1,0,0,1,1,0 : 13.1776
0,0,0,1,0,0,0,0,1,0,1,1,0,1,0,1,0,0,1,1,0,0,1,1,0,1,0,1,0,0,1,0,1,0,0,0,0,1,0 : 13.1776
0,1,0,1,0,0,0,1,0,0,0,1,0,0,0,1,0,1,1,1,0,0,0,1,0,1,0,1,0,0,1,0,1,0,0,0,1,1,0 : 13.1776
0,1,0,1,0,0,0,1,0,1,0,1,0,0,0,1,1,0,1,1,0,0,0,1,0,1,0,1,0,0,1,0,1,1,0,0,1,1,0 : 13.1776
0,1,0,1,0,0,0,1,0,0,0,1,0,0,0,1,0,1,1,1,0,0,0,1,0,1,0,1,0,0,1,0,1,1,0,0,1,1,0 : 13.1776
0,1,0,1,0,0,0,1,0,1,0,1,0,0,0,1,0,0,1,1,0,0,0,1,0,1,0,1,0,0,1,0,1,1,0,1,1,1,0 : 13.1776
0,1,0,1,0,0,0,1,0,1,0,1,0,0,0,1,0,1,1,1,0,0,0,1,0,1,0,0,0,0,1,0,1,1,0,0,1,1,0 : 13.1776
0,0,0,1,0,0,0,0,1,0,1,0,0,1,0,1,0,0,1,1,0,0,1,1,0,1,0,0,0,0,1,0,1,0,1,0,0,1,0 : 13.1776
0,1,0,1,0,0,0,1,0,0,0,1,0,0,0,1,0,1,1,1,0,0,0,0,0,1,0,1,0,0,1,0,0,0,0,0,1,1,0 : 13.1776
0,1,0,1,0,0,0,1,0,0,0,1,0,0,0,1,0,1,1,1,0,0,0,1,0,1,0,1,0,0,1,0,1,1,0,0,1,1,0 : 13.1776
0,0,1,1,0,0,0,1,1,0,1,1,0,1,0,1,0,1,1,1,0,0,1,1,0,1,0,0,0,1,1,0,1,0,0,0,0,1,0 : 13.1776
0,1,0,1,0,0,0,1,0,0,0,1,0,0,0,1,0,1,1,1,0,0,0,1,0,1,0,1,0,0,1,0,1,1,0,0,1,1,0 : 13.1776
0,0,0,1,0,0,0,0,1,0,1,1,0,1,0,1,0,0,1,1,0,0,1,1,0,1,0,1,0,0,1,0,1,0,0,0,0,1,0 : 13.1776
0,1,0,1,0,0,0,1,0,0,0,1,0,0,0,1,0,1,1,1,0,0,0,1,0,1,0,1,0,0,1,0,1,0,0,0,1,1,0 : 13.1776
0,1,0,1,0,0,0,1,0,1,0,1,0,0,0,1,1,0,1,1,0,0,0,1,0,1,0,1,0,0,1,0,1,1,0,0,1,1,0 : 13.1776
0,1,0,1,0,0,0,1,0,0,0,1,0,0,0,1,0,1,1,1,0,0,0,1,0,1,0,1,0,0,1,0,1,1,0,0,1,1,0 : 13.1776
0,1,0,1,0,0,0,1,0,1,0,1,0,0,0,1,0,0,1,1,0,0,0,1,0,1,0,1,0,0,1,0,1,1,0,1,1,1,0 : 13.1776
0,1,0,1,0,0,0,1,0,1,0,1,0,0,0,1,0,1,1,1,0,0,0,1,0,1,0,0,0,0,1,0,1,1,0,0,1,1,0 : 13.1776
0,0,0,1,0,0,0,0,1,0,1,0,0,1,0,1,0,0,1,1,0,0,1,1,0,1,0,0,0,0,1,0,1,0,1,0,0,1,0 : 13.1776
0,1,1,1,0,0,0,0,0,0,1,1,0,0,0,0,0,0,1,1,1,0,1,0,1,1,0,0,1,1,0,0,1,0,0,0,0,1,0 : 13.2188
1,1,0,1,0,0,1,0,0,0,0,1,1,0,0,0,1,0,1,1,1,1,0,1,0,0,0,0,1,0,1,0,0,1,0,1,0,1,1 : 13.2188
1,1,0,1,0,0,1,0,0,0,0,1,1,0,0,0,0,1,1,1,1,1,1,1,0,0,0,0,1,0,0,0,0,1,0,1,1,1,1 : 13.2188
0,1,1,1,0,0,0,0,0,1,1,1,0,0,0,0,0,1,1,1,1,0,0,1,1,1,0,0,1,1,0,0,1,1,0,1,0,1,0 : 13.2188
1,1,0,1,0,0,1,0,0,0,0,1,1,0,0,0,1,0,1,1,1,1,0,1,0,0,0,0,1,0,1,0,0,1,0,1,0,1,1 : 13.2188
1,1,0,1,0,0,1,0,0,0,1,1,0,0,0,0,1,0,1,1,1,1,1,1,0,1,0,0,1,0,0,0,1,1,0,1,1,1,1 : 13.2188
1,1,0,1,0,0,1,0,0,0,0,1,1,0,0,0,1,1,1,1,1,1,1,1,0,0,0,0,1,0,1,0,0,1,0,1,0,1,1 : 13.2188
0,1,1,1,0,0,0,0,0,1,1,1,0,0,0,0,0,1,1,1,0,0,0,1,1,1,0,0,1,1,0,0,1,1,0,1,0,1,1 : 13.2188
1,1,0,1,0,0,1,0,0,0,0,1,1,0,0,0,1,0,1,1,1,1,0,1,0,0,0,0,1,0,1,0,0,1,0,1,0,1,1 : 13.2188
0,1,1,1,0,0,0,0,0,0,1,1,0,0,0,0,0,0,1,1,1,0,1,0,1,1,0,0,1,1,0,0,1,0,0,0,0,1,0 : 13.2188
1,1,0,1,0,0,1,0,0,0,0,1,1,0,0,0,0,1,1,1,1,1,1,1,0,0,0,0,1,0,0,0,0,1,0,1,1,1,1 : 13.2188
0,1,1,1,0,0,0,0,0,1,1,1,0,0,0,0,0,1,1,1,1,0,0,1,1,1,0,0,1,1,0,0,1,1,0,1,0,1,0 : 13.2188
1,1,0,1,0,0,1,0,0,0,0,1,1,0,0,0,1,0,1,1,1,1,0,1,0,0,0,0,1,0,1,0,0,1,0,1,0,1,1 : 13.2188
1,1,0,1,0,0,1,0,0,0,1,1,0,0,0,0,1,0,1,1,1,1,1,1,0,1,0,0,1,0,0,0,1,1,0,1,1,1,1 : 13.2188
