1,1,0,0,0,1,1,0,0 : 840.0
1,1,0,0,1,1,1,1,0 : 840.0
1,1,0,0,1,1,1,0,0 : 840.0
1,1,0,0,1,1,1,0,0 : 840.0
1,1,0,0,1,1,1,1,0 : 840.0
1,1,0,0,0,1,1,1,0 : 840.0
1,1,0,0,1,1,1,0,0 : 840.0
1,1,0,0,0,1,1,0,0 : 840.0
1,1,0,0,0,1,1,1,0 : 840.0
1,1,0,0,0,1,1,0,0 : 840.0
1,1,0,0,1,1,1,0,0 : 840.0
1,1,0,0,1,1,1,1,0 : 840.0
1,1,0,0,1,1,1,0,1 : 840.0
1,1,0,0,0,1,1,0,0 : 840.0
1,1,0,0,0,1,1,0,0 : 840.0
1,1,0,0,0,1,1,0,0 : 840.0
1,1,0,0,0,1,1,1,0 : 840.0
1,1,0,0,0,1,1,0,0 : 840.0
1,1,0,0,0,1,1,0,0 : 840.0
1,1,0,0,1,1,1,1,0 : 840.0
1,1,0,0,1,1,1,0,1 : 840.0
1,1,0,0,0,1,1,1,0 : 840.0
1,1,0,0,0,1,1,0,0 : 840.0
1,1,0,0,0,1,1,1,0 : 840.0
1,1,0,0,0,1,1,0,0 : 840.0
1,1,0,0,1,1,1,1,0 : 840.0
1,1,0,0,1,1,1,0,0 : 840.0
1,1,0,0,0,1,1,0,0 : 840.0
1,1,0,0,1,1,1,0,0 : 840.0
1,1,0,0,0,1,1,0,0 : 840.0
1,1,0,0,0,1,1,0,0 : 840.0
1,1,0,0,1,1,1,0,0 : 840.0
1,1,0,0,1,1,1,0,0 : 840.0
1,1,0,0,1,1,1,0,0 : 840.0
1,1,0,0,0,1,1,0,0 : 840.0
1,1,0,0,1,1,1,0,0 : 840.0
1,1,0,0,1,1,1,0,0 : 840.0
1,1,0,0,0,1,1,0,0 : 840.0
1,1,0,0,0,1,1,0,0 : 840.0
1,1,0,0,0,1,1,1,0 : 840.0
1,1,0,0,0,1,1,1,0 : 840.0
1,1,0,0,1,1,1,0,0 : 840.0
1,1,0,0,1,1,1,1,0 : 840.0
1,1,0,0,0,1,1,0,0 : 840.0
1,1,0,0,1,1,1,0,0 : 840.0
1,1,0,0,1,1,1,0,0 : 840.0
1,1,0,0,0,1,1,0,0 : 840.0
1,1,0,0,0,1,1,0,0 : 840.0
1,1,0,0,1,1,1,1,0 : 840.0
1,1,0,0,0,1,1,0,0 : 840.0
1,1,0,0,0,1,1,1,0 : 840.0
1,1,0,0,1,1,1,0,1 : 840.0
1,1,0,0,0,1,1,0,0 : 840.0
1,1,0,0,1,1,1,1,0 : 840.0
1,1,0,0,1,1,1,0,0 : 840.0
1,1,0,0,1,1,1,0,0 : 840.0
1,1,0,0,0,1,1,0,0 : 840.0
1,1,0,0,0,1,1,0,0 : 840.0
1,1,0,0,1,1,1,0,0 : 840.0
1,1,0,0,1,1,1,1,0 : 840.0
1,1,0,0,0,1,1,1,0 : 840.0
1,1,0,0,0,1,1,0,0 : 840.0
1,1,0,0,1,1,1,0,0 : 840.0
1,1,0,0,0,1,1,1,0 : 840.0
1,1,0,0,1,1,1,0,0 : 840.0
1,1,0,0,0,1,1,0,0 : 840.0
1,1,0,0,0,1,1,0,0 : 840.0
1,1,0,0,0,1,1,1,0 : 840.0
1,1,0,0,1,1,1,0,0 : 840.0
1,1,0,0,1,1,1,0,0 : 840.0
1,1,0,0,1,1,1,0,0 : 840.0
1,1,0,0,0,1,1,0,1 : 840.0
1,1,0,0,0,1,1,0,0 : 840.0
1,1,0,0,0,1,1,0,0 : 840.0
1,1,0,0,1,1,1,0,1 : 840.0
1,1,0,0,1,1,1,0,1 : 840.0
1,1,0,0,0,1,1,0,0 : 840.0
1,1,0,0,1,1,1,1,0 : 840.0
1,1,0,0,0,1,1,1,0 : 840.0
1,1,0,0,1,1,1,0,0 : 840.0
1,1,0,0,0,1,1,0,0 : 840.0
1,1,0,0,1,1,1,1,0 : 840.0
1,1,0,0,1,1,1,0,0 : 840.0
1,1,0,0,1,1,1,0,0 : 840.0
1,1,0,0,1,1,1,1,0 : 840.0
1,1,0,0,0,1,1,0,0 : 840.0
1,1,0,0,1,1,1,0,0 : 840.0
1,1,0,0,1,1,1,0,0 : 840.0
1,1,0,0,1,1,1,1,0 : 840.0
1,1,0,0,0,1,1,1,0 : 840.0
1,1,0,0,1,1,1,0,0 : 840.0
1,1,0,0,0,1,1,0,0 : 840.0
1,1,0,0,0,1,1,1,0 : 840.0
1,1,0,0,0,1,1,0,0 : 840.0
1,1,0,0,1,1,1,0,0 : 840.0
1,1,0,0,1,1,1,1,0 : 840.0
1,1,0,0,1,1,1,0,1 : 840.0
1,1,0,0,0,1,1,0,0 : 840.0
1,1,0,0,0,1,1,0,0 : 840.0
1,1,0,0,0,1,1,0,0 : 840.0
