1,0,0,0,0,1,1,1,0,1,1,1,1,0,1,0,1,1,0,1,1,0,1,1,1,1,0,0,0,1,0,0,0,1,0,1,0,0,0 : 13.024
1,0,0,0,0,1,1,1,0,1,1,1,1,0,1,0,1,1,0,1,1,0,1,1,1,1,0,0,0,1,0,0,0,1,0,1,0,0,0 : 13.024
1,1,0,1,0,1,0,0,0,0,0,0,0,1,1,0,1,0,0,1,0,0,1,1,0,0,0,0,1,0,0,0,0,1,0,1,0,0,1 : 13.1698
1,1,0,1,0,1,0,0,0,0,0,0,0,1,1,0,1,0,0,1,0,0,1,1,0,0,0,0,1,0,0,0,0,1,0,1,0,0,1 : 13.1698
0,0,0,0,0,0,1,1,0,0,1,1,0,0,1,0,0,0,1,1,1,0,1,1,1,1,0,0,0,0,0,1,1,0,0,1,0,1,1 : 13.176
0,0,0,1,0,0,0,1,0,0,1,0,1,0,1,0,0,1,0,1,1,0,0,0,0,1,0,0,0,0,0,0,1,1,0,1,0,1,0 : 13.176
0,0,0,1,0,0,1,1,0,0,1,1,0,0,1,0,0,0,1,1,1,0,1,1,1,1,0,0,0,0,0,1,1,0,0,1,0,1,1 : 13.176
0,0,1,1,0,0,0,1,0,1,1,1,0,0,0,0,0,1,1,1,1,0,0,0,1,1,0,0,1,1,0,0,0,0,0,0,0,1,1 : 13.176
0,0,0,1,0,0,0,0,0,0,1,0,1,0,0,0,0,1,0,1,1,0,0,0,0,1,0,0,0,0,0,0,1,1,0,1,0,1,0 : 13.176
0,0,0,0,0,0,1,1,0,0,1,1,0,0,1,0,0,0,1,1,1,0,1,1,1,1,0,0,0,0,0,1,1,0,0,1,0,1,1 : 13.176
0,0,0,1,0,0,0,1,0,0,1,0,1,0,1,0,0,1,0,1,1,0,0,0,0,1,0,0,0,0,0,0,1,1,0,1,0,1,0 : 13.176
0,0,0,1,0,0,1,1,0,0,1,1,0,0,1,0,0,0,1,1,1,0,1,1,1,1,0,0,0,0,0,1,1,0,0,1,0,1,1 : 13.176
0,0,1,1,0,0,0,1,0,1,1,1,0,0,0,0,0,1,1,1,1,0,0,0,1,1,0,0,1,1,0,0,0,0,0,0,0,1,1 : 13.176
0,0,0,1,0,0,0,0,0,0,1,0,1,0,0,0,0,1,0,1,1,0,0,0,0,1,0,0,0,0,0,0,1,1,0,1,0,1,0 : 13.176
1,1,0,1,0,1,0,0,0,0,0,0,0,1,1,0,1,0,0,1,0,0,1,1,0,0,0,0,1,0,0,0,0,1,0,1,0,1,1 : 13.2188
1,1,0,0,0,0,1,1,1,1,0,0,1,1,0,0,1,0,1,1,1,0,1,0,0,1,0,1,1,0,0,1,0,1,0,0,1,1,0 : 13.2188
1,1,0,1,0,0,1,0,0,0,0,1,0,0,0,0,1,0,1,1,1,1,1,1,0,0,0,0,1,0,0,0,1,1,0,1,1,1,1 : 13.2188
1,1,0,0,0,1,1,1,1,1,0,0,1,1,1,0,1,0,1,1,1,0,1,0,1,1,0,1,1,0,0,1,0,1,0,0,1,1,0 : 13.2188
1,1,0,1,0,1,0,0,0,0,0,0,0,1,1,0,1,0,0,1,0,0,1,1,0,0,0,0,1,0,0,0,0,1,0,1,0,1,1 : 13.2188
1,1,0,0,0,0,1,1,1,1,0,0,1,1,0,0,1,0,1,1,1,0,1,0,0,1,0,1,1,0,0,1,0,1,0,0,1,1,0 : 13.2188
1,1,0,1,0,0,1,0,0,0,0,1,0,0,0,0,1,0,1,1,1,1,1,1,0,0,0,0,1,0,0,0,1,1,0,1,1,1,1 : 13.2188
1,1,0,0,0,1,1,1,1,1,0,0,1,1,1,0,1,0,1,1,1,0,1,0,1,1,0,1,1,0,0,1,0,1,0,0,1,1,0 : 13.2188
0,1,0,0,0,1,0,1,1,1,1,1,0,0,1,1,0,1,0,0,0,1,1,0,0,0,0,1,0,0,1,1,1,0,0,0,1,1,1 : 13.2777
0,1,0,1,1,1,0,0,1,1,1,0,0,1,0,1,0,1,0,0,0,1,0,0,0,0,0,1,0,0,1,0,0,1,0,1,0,0,0 : 13.2777
0,0,0,0,0,1,0,0,1,1,0,1,0,0,0,1,0,1,0,0,1,0,0,1,0,0,0,0,0,1,1,1,1,0,0,0,0,1,1 : 13.2777
0,1,0,0,0,0,0,0,0,1,1,1,0,0,1,1,0,0,1,0,1,1,0,1,0,0,1,0,1,1,1,1,1,0,0,1,1,0,0 : 13.2777
0,0,0,1,1,1,1,1,1,0,0,0,1,1,0,1,0,1,1,0,1,1,0,1,0,0,0,0,1,0,0,0,1,0,0,0,0,0,0 : 13.2777
1,0,0,1,0,1,1,1,1,0,0,0,0,0,1,1,1,0,1,0,0,1,1,0,0,0,1,0,0,1,1,1,0,1,1,0,0,1,0 : 13.2777
1,1,0,1,0,0,0,0,1,1,0,0,0,0,0,1,0,0,1,0,1,0,0,1,1,0,1,1,0,1,0,0,1,0,0,0,1,0,0 : 13.2777
1,1,0,1,0,1,1,1,0,1,1,1,1,1,1,1,0,0,1,0,0,0,0,0,0,0,1,0,0,0,0,1,1,0,0,1,0,0,0 : 13.2777
0,1,0,0,0,0,1,0,0,1,0,0,0,0,1,1,0,0,0,0,1,1,1,1,0,0,1,0,0,0,1,0,0,1,1,0,0,1,0 : 13.2777
0,1,0,0,0,1,0,1,1,1,1,1,1,0,0,1,0,1,0,0,0,1,1,0,0,0,0,1,0,0,1,1,1,0,0,0,1,1,1 : 13.2777
0,1,0,1,1,1,0,0,1,1,1,1,0,1,1,1,0,1,0,0,0,1,0,0,0,0,0,1,0,0,1,0,0,1,0,1,0,0,1 : 13.2777
0,0,0,0,0,1,0,0,1,1,1,1,1,0,0,1,0,1,0,0,1,0,0,1,0,0,0,0,1,1,1,1,1,0,0,0,0,1,1 : 13.2777
0,1,0,0,0,0,0,0,1,1,1,0,0,0,1,1,0,0,1,0,1,1,0,1,0,0,1,0,1,1,1,1,1,0,0,1,0,1,1 : 13.2777
0,0,0,1,1,1,1,1,1,0,0,0,1,1,0,1,0,1,1,0,1,1,0,1,0,0,0,0,1,0,0,0,1,0,0,0,0,0,0 : 13.2777
1,0,0,1,0,1,1,1,1,0,0,0,0,0,1,1,1,0,1,0,0,1,1,0,0,0,1,0,0,1,1,1,0,1,0,0,0,1,0 : 13.2777
1,1,0,0,0,0,0,1,1,1,0,0,0,0,1,1,1,0,1,0,1,0,0,1,1,0,1,1,0,1,0,0,1,1,0,0,1,0,0 : 13.2777
1,1,0,1,0,1,1,1,0,1,1,1,1,1,0,1,0,0,1,0,0,0,0,0,0,0,0,0,0,1,0,0,1,0,0,1,0,1,0 : 13.2777
1,0,0,1,0,1,1,1,1,0,0,1,1,0,1,1,0,1,1,0,0,0,0,0,1,0,1,0,1,0,0,0,0,1,1,1,0,0,0 : 13.2777
1,1,0,0,1,1,1,0,0,1,1,0,1,0,0,1,0,0,0,0,1,0,1,0,0,0,1,1,0,0,1,1,1,0,0,0,0,1,0 : 13.2777
0,1,0,0,0,0,1,0,0,1,0,0,1,0,1,1,0,0,0,0,1,1,1,1,1,0,1,0,0,0,1,0,0,1,1,0,0,1,0 : 13.2777
0,1,0,0,0,1,0,1,1,1,1,1,0,0,1,1,0,1,0,0,0,1,1,0,0,0,0,1,0,0,1,1,1,0,0,0,1,1,1 : 13.2777
0,1,0,1,1,1,0,0,1,1,1,0,0,1,0,1,0,1,0,0,0,1,0,0,0,0,0,1,0,0,1,0,0,1,0,1,0,0,0 : 13.2777
0,0,0,0,0,1,0,0,1,1,0,1,0,0,0,1,0,1,0,0,1,0,0,1,0,0,0,0,0,1,1,1,1,0,0,0,0,1,1 : 13.2777
0,1,0,0,0,0,0,0,0,1,1,1,0,0,1,1,0,0,1,0,1,1,0,1,0,0,1,0,1,1,1,1,1,0,0,1,1,0,0 : 13.2777
0,0,0,1,1,1,1,1,1,0,0,0,1,1,0,1,0,1,1,0,1,1,0,1,0,0,0,0,1,0,0,0,1,0,0,0,0,0,0 : 13.2777
1,0,0,1,0,1,1,1,1,0,0,0,0,0,1,1,1,0,1,0,0,1,1,0,0,0,1,0,0,1,1,1,0,1,1,0,0,1,0 : 13.2777
1,1,0,1,0,0,0,0,1,1,0,0,0,0,0,1,0,0,1,0,1,0,0,1,1,0,1,1,0,1,0,0,1,0,0,0,1,0,0 : 13.2777
1,1,0,1,0,1,1,1,0,1,1,1,1,1,1,1,0,0,1,0,0,0,0,0,0,0,1,0,0,0,0,1,1,0,0,1,0,0,0 : 13.2777
0,1,0,0,0,0,1,0,0,1,0,0,0,0,1,1,0,0,0,0,1,1,1,1,0,0,1,0,0,0,1,0,0,1,1,0,0,1,0 : 13.2777
0,1,0,0,0,1,0,1,1,1,1,1,1,0,0,1,0,1,0,0,0,1,1,0,0,0,0,1,0,0,1,1,1,0,0,0,1,1,1 : 13.2777
0,1,0,1,1,1,0,0,1,1,1,1,0,1,1,1,0,1,0,0,0,1,0,0,0,0,0,1,0,0,1,0,0,1,0,1,0,0,1 : 13.2777
0,0,0,0,0,1,0,0,1,1,1,1,1,0,0,1,0,1,0,0,1,0,0,1,0,0,0,0,1,1,1,1,1,0,0,0,0,1,1 : 13.2777
0,1,0,0,0,0,0,0,1,1,1,0,0,0,1,1,0,0,1,0,1,1,0,1,0,0,1,0,1,1,1,1,1,0,0,1,0,1,1 : 13.2777
0,0,0,1,1,1,1,1,1,0,0,0,1,1,0,1,0,1,1,0,1,1,0,1,0,0,0,0,1,0,0,0,1,0,0,0,0,0,0 : 13.2777
1,0,0,1,0,1,1,1,1,0,0,0,0,0,1,1,1,0,1,0,0,1,1,0,0,0,1,0,0,1,1,1,0,1,0,0,0,1,0 : 13.2777
1,1,0,0,0,0,0,1,1,1,0,0,0,0,1,1,1,0,1,0,1,0,0,1,1,0,1,1,0,1,0,0,1,1,0,0,1,0,0 : 13.2777
1,1,0,1,0,1,1,1,0,1,1,1,1,1,0,1,0,0,1,0,0,0,0,0,0,0,0,0,0,1,0,0,1,0,0,1,0,1,0 : 13.2777
1,0,0,1,0,1,1,1,1,0,0,1,1,0,1,1,0,1,1,0,0,0,0,0,1,0,1,0,1,0,0,0,0,1,1,1,0,0,0 : 13.2777
1,1,0,0,1,1,1,0,0,1,1,0,1,0,0,1,0,0,0,0,1,0,1,0,0,0,1,1,0,0,1,1,1,0,0,0,0,1,0 : 13.2777
0,1,0,0,0,0,1,0,0,1,0,0,1,0,1,1,0,0,0,0,1,1,1,1,1,0,1,0,0,0,1,0,0,1,1,0,0,1,0 : 13.2777
0,1,0,1,0,1,0,1,0,1,0,1,0,1,0,1,0,0,0,1,0,0,0,1,0,1,0,1,0,0,1,0,1,1,0,0,1,1,0 : 13.324
0,1,0,1,0,1,0,1,0,1,0,1,0,0,0,1,0,0,0,1,0,0,0,1,0,1,0,1,0,0,1,0,1,1,0,0,1,1,0 : 13.324
0,1,0,1,0,1,0,1,0,1,0,1,0,1,0,1,0,0,0,1,0,0,0,1,0,1,0,1,0,0,1,0,1,1,0,0,1,1,0 : 13.324
0,1,0,1,0,1,0,1,0,1,0,1,0,0,0,1,0,0,0,1,0,0,0,1,0,1,0,1,0,0,1,0,1,1,0,0,1,1,0 : 13.324
1,1,0,1,1,0,0,0,1,1,1,1,1,0,1,1,0,0,0,0,0,0,0,0,0,1,0,1,0,1,0,0,1,1,0,1,1,1,1 : 13.3405
1,0,0,0,1,1,1,1,0,1,0,0,0,0,1,0,1,1,0,0,0,1,0,0,0,1,0,0,0,1,0,0,0,0,1,0,0,1,0 : 13.3405
1,1,0,0,0,0,0,1,0,1,0,1,0,1,0,0,0,0,1,0,0,1,0,1,0,1,0,0,0,0,1,0,1,1,0,0,0,1,1 : 13.3405
1,1,0,1,0,0,0,0,1,1,0,1,1,0,0,1,0,0,0,0,0,0,0,0,0,1,0,1,0,1,0,0,1,1,0,1,1,1,1 : 13.3405
1,0,0,0,1,1,1,1,0,1,0,1,0,0,1,0,1,1,0,0,0,1,0,0,0,1,0,0,0,1,0,0,0,0,1,0,0,1,0 : 13.3405
1,1,0,1,1,0,0,0,1,1,1,1,1,0,1,1,0,0,0,0,0,0,0,0,0,1,0,1,0,1,0,0,1,1,0,1,1,1,1 : 13.3405
1,0,0,0,1,1,1,1,0,1,0,0,0,0,1,0,1,1,0,0,0,1,0,0,0,1,0,0,0,1,0,0,0,0,1,0,0,1,0 : 13.3405
1,1,0,0,0,0,0,1,0,1,0,1,0,1,0,0,0,0,1,0,0,1,0,1,0,1,0,0,0,0,1,0,1,1,0,0,0,1,1 : 13.3405
1,1,0,1,0,0,0,0,1,1,0,1,1,0,0,1,0,0,0,0,0,0,0,0,0,1,0,1,0,1,0,0,1,1,0,1,1,1,1 : 13.3405
1,0,0,0,1,1,1,1,0,1,0,1,0,0,1,0,1,1,0,0,0,1,0,0,0,1,0,0,0,1,0,0,0,0,1,0,0,1,0 : 13.3405
1,1,0,1,0,1,0,0,1,1,1,0,0,0,0,1,1,1,0,1,0,0,1,1,0,1,0,1,1,0,0,0,1,0,0,0,1,1,0 : 13.4263
0,0,0,1,0,0,1,0,1,1,1,0,0,1,0,1,0,0,0,1,0,0,1,1,0,1,0,0,1,0,1,1,1,0,0,0,0,1,0 : 13.4263
0,0,0,1,0,1,1,1,1,0,1,0,0,0,0,1,0,0,0,1,0,1,1,1,0,0,0,1,0,1,0,0,1,1,0,1,1,1,1 : 13.4263
1,1,0,1,0,1,0,1,1,1,1,0,0,0,0,1,1,1,0,1,0,0,1,1,0,1,0,1,1,0,0,0,1,0,0,0,1,1,0 : 13.4263
0,0,0,1,0,0,1,0,1,1,1,1,0,1,0,1,0,0,0,1,0,0,1,1,0,1,0,0,0,0,1,0,1,0,0,0,0,1,1 : 13.4263
1,1,0,1,0,1,0,0,1,1,1,0,0,0,0,1,1,1,0,1,0,0,1,1,0,1,0,1,1,0,0,0,1,0,0,0,1,1,0 : 13.4263
0,0,0,1,0,0,1,0,1,1,1,0,0,1,0,1,0,0,0,1,0,0,1,1,0,1,0,0,1,0,1,1,1,0,0,0,0,1,0 : 13.4263
0,0,0,1,0,1,1,1,1,0,1,0,0,0,0,1,0,0,0,1,0,1,1,1,0,0,0,1,0,1,0,0,1,1,0,1,1,1,1 : 13.4263
1,1,0,1,0,1,0,1,1,1,1,0,0,0,0,1,1,1,0,1,0,0,1,1,0,1,0,1,1,0,0,0,1,0,0,0,1,1,0 : 13.4263
0,0,0,1,0,0,1,0,1,1,1,1,0,1,0,1,0,0,0,1,0,0,1,1,0,1,0,0,0,0,1,0,1,0,0,0,0,1,1 : 13.4263
0,1,0,1,0,1,1,1,1,1,0,1,0,0,1,1,0,1,1,0,0,1,1,1,0,1,0,0,1,0,1,0,0,1,0,1,1,0,1 : 13.5231
0,1,0,1,0,1,1,1,1,1,0,1,0,0,1,1,0,1,1,0,0,1,1,1,0,1,0,0,1,0,1,0,0,1,0,1,1,0,1 : 13.5231
1,1,0,1,1,1,0,1,0,0,0,1,0,0,0,0,1,0,1,0,1,0,1,1,0,0,0,0,0,1,1,0,1,1,0,1,1,0,1 : 13.5915
1,1,0,1,1,1,0,1,0,0,0,1,0,0,0,0,1,0,1,0,1,0,1,1,0,0,0,0,0,1,1,0,1,1,0,1,1,0,1 : 13.5915
1,1,0,1,0,1,0,1,1,0,1,0,1,0,0,1,1,0,1,0,1,0,0,1,0,1,0,0,1,0,0,1,1,0,0,0,0,1,0 : 13.607
1,1,0,0,0,1,0,1,1,1,1,0,0,1,0,1,0,0,0,0,1,1,1,0,0,1,1,0,1,1,0,0,1,0,0,1,1,1,1 : 13.607
1,0,0,0,1,0,0,0,1,0,0,0,1,0,1,1,0,0,0,0,1,1,0,0,0,1,1,0,1,1,0,1,1,0,0,0,0,1,1 : 13.607
0,1,0,0,1,0,1,1,0,1,0,1,1,1,1,1,1,0,0,0,1,1,0,1,0,1,0,0,1,0,1,0,1,0,0,0,0,1,1 : 13.607
1,1,0,0,0,1,0,1,1,1,1,1,0,1,0,1,0,0,1,0,1,0,0,1,0,1,0,0,1,0,0,0,1,1,0,1,0,1,0 : 13.607
1,0,0,0,1,1,0,1,0,0,0,1,0,0,0,0,0,1,1,0,0,0,1,0,1,1,0,0,1,0,0,1,1,0,0,0,1,1,1 : 13.607
1,0,0,0,0,1,0,1,1,1,1,1,0,0,0,1,0,0,0,0,1,1,0,0,0,1,1,0,1,1,1,0,1,0,0,0,1,1,1 : 13.607
1,1,0,1,0,1,0,1,1,0,1,0,1,1,0,0,1,0,1,0,1,0,0,0,0,1,0,0,1,0,0,1,1,0,0,0,0,1,0 : 13.607
1,0,0,0,1,0,0,0,1,0,0,0,1,0,1,1,0,0,0,0,1,0,0,0,0,1,1,0,1,1,0,1,1,0,0,0,0,1,1 : 13.607
0,1,0,0,1,0,1,1,0,1,0,1,1,1,1,1,1,0,0,0,1,1,0,1,0,1,0,0,1,0,1,0,1,0,0,0,0,1,1 : 13.607
