1,0,1,1,0,0,0,0,1,0,1 : 247.4666
1,0,0,1,1,0,0,0,1,0,0 : 212.0533
1,0,0,0,1,1,1,0,1,0,0 : 204.73
1,0,1,0,0,0,0,0,0,1,0 : 218.0966
1,0,0,1,0,1,0,0,0,0,0 : 212.7133
1,0,0,0,1,1,0,1,1,0,0 : 202.9366
1,0,0,0,1,1,0,0,1,0,0 : 202.9366
1,0,0,1,1,1,1,1,1,1,0 : 214.25
1,0,1,0,0,1,1,0,0,1,1 : 233.5433
1,1,0,1,0,1,0,0,0,1,1 : 246.3766
1,0,0,0,0,0,1,0,0,1,0 : 204.73
1,0,1,1,0,0,1,0,1,0,0 : 232.1166
1,0,1,1,0,0,1,0,0,0,1 : 247.4666
1,0,1,0,1,0,1,0,1,0,0 : 222.2666
1,1,0,1,1,1,0,0,1,0,0 : 235.3466
1,0,0,1,0,0,1,0,0,0,1 : 247.4666
1,0,1,0,0,1,1,0,1,1,0 : 218.0966
1,0,1,1,0,1,0,0,1,0,1 : 252.2666
1,0,0,0,1,0,0,1,1,0,0 : 202.9366
1,0,1,0,1,1,1,1,0,0,1 : 234.56
1,0,1,1,1,1,0,1,0,0,1 : 250.6133
1,0,1,1,0,1,1,0,1,0,0 : 232.1166
1,1,1,0,0,0,1,1,1,0,0 : 241.8266
1,0,0,0,0,0,0,1,1,0,0 : 202.9366
1,0,0,1,1,1,0,1,1,0,0 : 212.0533
1,1,0,0,0,1,0,0,1,0,0 : 224.43
1,0,0,0,0,1,1,1,1,1,0 : 204.73
1,0,0,1,1,0,1,1,0,1,0 : 214.25
1,0,0,0,1,1,0,1,1,0,0 : 202.9366
1,1,0,0,1,1,0,0,1,0,0 : 231.3133
1,1,0,0,0,0,0,0,0,0,0 : 224.43
1,1,1,0,0,0,0,0,1,0,1 : 251.8466
1,0,0,0,1,0,1,0,1,0,0 : 204.73
1,0,1,0,1,0,0,1,0,0,1 : 220.08
1,1,0,0,1,0,0,1,0,1,0 : 231.3133
1,1,1,1,0,1,0,0,1,0,1 : 260.4966
1,0,0,0,1,1,1,1,1,0,0 : 204.73
1,1,0,1,1,0,1,1,1,1,1 : 253.54
1,1,0,0,0,1,1,0,0,1,0 : 224.7333
1,1,1,1,1,1,0,0,0,0,0 : 247.08
1,0,0,0,0,0,1,0,1,1,0 : 204.73
1,1,0,0,1,1,0,1,1,1,1 : 231.8866
1,1,0,0,1,0,0,1,0,0,0 : 231.3133
1,0,0,0,1,0,1,0,0,0,0 : 204.73
1,0,1,0,0,0,1,1,0,0,1 : 233.5433
1,0,0,0,0,0,1,0,0,0,1 : 217.68
1,1,0,0,1,1,0,1,0,0,0 : 231.3133
1,0,0,1,0,0,1,1,0,0,1 : 244.12
1,0,1,0,1,0,1,0,1,0,0 : 222.2666
1,0,0,0,0,0,1,1,0,1,1 : 217.68
1,1,0,1,0,0,0,0,0,1,1 : 246.3766
1,1,0,0,0,0,1,1,0,1,0 : 224.7333
1,0,0,1,1,0,0,0,1,1,0 : 212.0533
1,0,0,1,1,1,0,0,0,0,0 : 212.7133
1,0,1,0,1,0,1,1,1,1,1 : 235.3733
1,0,0,1,1,1,0,0,1,0,0 : 212.0533
1,1,0,0,1,1,1,1,0,1,0 : 231.3133
1,1,0,1,1,0,1,0,0,1,1 : 246.5033
1,0,1,0,0,1,0,0,0,1,0 : 218.0966
1,0,0,0,0,0,1,0,1,1,0 : 204.73
1,0,0,1,0,1,1,0,1,0,0 : 214.25
1,1,0,1,0,0,1,1,0,1,1 : 246.3766
1,0,1,1,1,0,1,1,1,0,1 : 250.5966
1,1,0,0,1,1,0,0,0,1,0 : 231.3133
1,1,0,1,1,1,0,0,0,1,0 : 235.3466
1,0,1,0,1,1,0,0,0,1,1 : 235.91
1,0,0,1,1,0,0,1,1,0,0 : 212.0533
1,0,1,0,0,1,1,1,0,1,1 : 233.5433
1,0,1,0,0,1,0,1,1,1,0 : 218.0966
1,1,0,0,1,1,1,0,1,0,0 : 231.3133
1,0,0,0,1,0,1,0,1,1,0 : 204.73
1,1,0,0,1,0,1,1,0,0,0 : 231.3133
1,0,0,0,0,1,0,0,0,1,0 : 202.9366
1,1,0,0,0,1,0,0,0,0,0 : 224.43
1,0,1,0,0,1,1,0,1,1,0 : 218.0966
1,0,0,1,0,1,1,0,1,1,1 : 249.8266
1,0,0,1,1,1,0,0,1,1,0 : 212.0533
1,0,1,1,0,1,1,0,0,1,1 : 251.02
1,1,1,1,0,0,0,0,0,0,0 : 246.94
1,0,0,0,0,0,0,0,0,1,0 : 202.9366
1,0,1,1,0,0,0,0,0,1,0 : 227.4
1,1,0,1,0,1,0,0,1,0,0 : 235.3466
1,0,0,1,1,1,0,1,1,0,0 : 212.0533
1,1,0,0,1,0,0,1,0,1,0 : 231.3133
1,0,1,0,0,1,0,0,1,1,0 : 218.0966
1,1,0,0,0,0,0,0,0,0,0 : 224.43
1,0,1,0,0,0,0,1,1,1,0 : 218.0966
1,0,0,0,0,0,1,1,0,1,1 : 217.68
1,0,0,1,1,0,0,0,1,0,0 : 212.0533
1,0,0,0,1,0,0,1,1,1,0 : 202.9366
1,1,1,0,0,1,0,0,0,0,0 : 247.2766
1,0,1,0,0,0,1,0,1,1,0 : 218.0966
1,0,1,0,0,0,1,1,0,1,0 : 218.0966
1,1,1,1,0,0,0,1,0,0,0 : 246.94
1,1,0,0,1,1,1,1,1,0,0 : 231.3133
1,0,0,0,0,0,1,1,1,1,1 : 217.6533
1,0,0,1,1,1,0,0,0,0,0 : 212.7133
1,1,0,0,1,0,0,0,0,1,1 : 232.6166
1,0,0,1,1,0,0,1,1,1,0 : 212.0533
1,1,1,0,1,0,0,0,0,1,0 : 246.4966
