1,1,0,1,0,1,0,1,1,1,0,1,1,1,0,1,1,0,1,0,1,0,0,1,0,0,1,0,0,0,0,1,1,0,0,1,1,1,0 : 13.2777
1,0,0,1,0,0,1,0,1,0,0,1,0,0,0,0,1,1,1,1,0,1,0,1,0,0,0,0,1,0,0,0,1,1,0,1,1,1,1 : 13.176
1,1,0,0,0,0,0,1,1,1,0,1,0,1,0,0,0,0,1,0,0,0,0,1,0,1,0,1,0,0,1,0,1,1,0,0,0,1,1 : 13.3405
0,0,0,1,0,0,0,0,0,0,1,1,0,0,0,0,1,0,0,0,0,1,1,0,1,1,0,0,1,1,0,1,0,1,0,0,1,0,1 : 13.5508
1,1,0,1,0,1,0,0,1,1,1,1,0,0,0,1,1,1,1,1,1,0,1,1,0,0,0,1,1,0,0,0,1,0,0,0,1,1,0 : 13.1776
1,1,0,0,0,0,0,1,1,0,0,1,0,1,1,1,1,1,1,1,1,1,1,1,0,1,1,0,0,1,0,0,1,1,0,0,0,0,1 : 13.168
1,0,0,0,0,0,1,0,1,0,0,0,1,0,1,0,0,0,1,1,1,0,0,0,0,1,0,0,0,1,0,0,0,1,0,0,1,1,0 : 13.176
1,1,0,0,1,0,1,1,0,1,1,1,1,0,0,1,0,1,1,0,0,0,1,1,1,0,1,1,0,0,1,0,0,1,0,1,1,0,0 : 13.2777
0,0,0,0,1,1,1,1,1,1,0,0,1,0,0,1,0,0,1,0,0,0,1,1,0,0,0,1,1,0,0,1,0,1,0,0,1,0,1 : 13.2777
0,1,0,0,0,1,0,1,1,1,1,1,0,0,0,1,0,1,0,0,0,1,1,0,0,0,0,1,0,0,1,1,1,0,0,0,0,1,1 : 13.2777
0,1,0,1,1,1,1,0,1,0,1,0,0,1,1,1,0,1,0,0,0,1,0,0,0,0,0,1,0,0,1,0,0,1,0,1,0,1,0 : 13.2777
1,0,0,0,0,1,1,0,1,1,0,0,1,0,0,0,1,1,1,1,1,0,1,0,0,1,0,0,1,0,0,1,0,1,0,0,0,0,0 : 13.024
1,0,0,1,1,0,0,1,1,1,1,1,0,0,0,0,0,1,1,0,1,0,0,0,0,1,1,1,0,1,0,0,0,1,0,0,1,1,1 : 13.3405
0,0,0,0,1,1,0,1,0,0,1,1,1,0,0,0,1,0,1,1,1,1,0,1,1,1,0,0,0,1,0,0,0,0,0,1,0,0,1 : 13.7198
0,0,0,0,1,0,1,0,1,0,0,1,1,0,1,1,0,1,1,1,0,0,1,0,0,1,1,0,1,0,0,0,0,0,1,1,0,0,0 : 13.024
1,0,0,1,0,0,1,0,1,0,0,0,1,0,1,1,0,1,1,1,1,0,1,0,1,1,0,0,0,1,0,0,1,1,0,1,0,1,0 : 13.1776
0,1,0,0,1,1,1,1,1,1,0,1,0,1,1,1,0,0,1,1,1,1,1,0,0,0,1,1,0,1,0,0,0,1,0,1,0,0,0 : 13.3611
0,0,0,1,1,1,0,1,0,1,0,0,1,0,1,1,1,1,0,0,1,0,0,0,0,0,1,0,0,1,0,1,0,1,0,0,0,1,0 : 13.2777
0,0,0,1,1,0,1,1,0,1,1,1,0,0,1,1,1,0,0,0,0,1,1,0,1,0,1,0,0,1,0,0,1,1,0,1,1,1,0 : 13.2777
0,0,0,0,0,1,0,0,1,1,0,1,0,0,0,1,0,0,1,0,1,0,0,1,0,0,0,0,1,1,1,0,1,0,0,0,0,1,1 : 13.2777
0,1,0,0,1,1,1,1,1,1,0,1,1,1,0,1,0,1,0,0,0,1,0,0,1,0,1,1,0,1,0,0,1,0,0,1,0,1,1 : 13.2777
1,0,0,0,0,1,1,1,0,1,1,1,1,0,1,0,1,1,0,1,1,0,1,0,1,1,0,0,0,1,0,0,0,1,0,0,0,0,0 : 13.024
1,0,0,1,1,0,1,1,1,1,0,1,0,1,1,0,1,1,0,1,1,1,0,1,1,1,0,0,1,0,0,0,1,1,0,0,1,0,0 : 16.0462
1,0,0,1,1,0,1,0,1,0,1,1,1,0,0,1,0,1,0,0,1,0,1,1,0,0,0,0,0,0,1,0,0,1,0,0,0,0,0 : 13.2777
1,1,1,0,0,1,0,1,0,1,1,1,0,1,0,1,0,0,0,0,0,1,1,1,0,0,1,1,0,0,1,1,0,1,1,0,0,0,1 : 15.4166
0,0,1,0,1,0,0,0,0,1,0,1,0,0,0,0,0,1,1,1,1,0,1,1,0,1,0,0,0,1,0,1,1,0,0,1,0,0,0 : 13.1698
0,1,0,1,0,0,0,0,0,1,0,1,0,0,0,1,0,0,0,0,0,0,0,1,0,0,0,1,0,0,1,0,1,1,0,0,0,1,0 : 13.2777
1,0,1,1,0,0,0,0,1,1,0,1,1,1,0,1,0,1,0,1,0,0,0,1,0,0,1,0,0,0,1,1,0,1,0,1,1,0,1 : 13.6338
1,0,1,0,1,0,0,0,1,1,1,0,0,1,1,1,0,0,1,1,1,0,1,1,0,0,1,1,0,1,0,0,1,0,0,0,0,0,0 : 13.168
1,0,0,0,0,0,1,1,0,0,1,1,1,1,0,1,1,0,0,1,1,1,1,1,0,1,1,0,0,0,1,1,0,1,0,0,1,0,0 : 13.024
1,0,0,0,0,0,1,0,1,0,0,0,1,0,1,1,0,0,0,0,1,1,0,0,0,0,1,0,1,1,0,0,0,0,0,0,0,1,1 : 13.2777
1,0,0,1,0,1,0,1,1,0,1,0,1,1,1,0,1,1,1,1,1,0,0,0,1,0,1,0,0,1,1,0,0,1,0,0,0,1,1 : 13.7551
1,0,0,1,0,0,0,0,0,1,1,0,1,1,1,1,0,0,0,0,0,0,0,0,0,0,1,0,0,1,0,0,0,1,0,0,1,1,1 : 13.2777
0,1,1,0,0,1,0,0,0,1,1,1,1,0,1,0,0,0,0,1,1,1,1,0,1,1,0,0,0,1,0,0,0,1,0,1,0,1,0 : 13.2188
1,0,0,1,0,0,0,0,0,0,0,1,0,0,1,0,0,0,1,1,1,0,0,1,0,0,0,0,0,0,1,0,1,1,0,0,0,1,0 : 13.176
1,0,0,1,0,1,1,0,1,0,0,1,1,0,1,0,0,0,0,1,0,0,1,1,0,1,1,0,1,1,1,0,1,1,0,1,0,0,0 : 13.024
1,1,0,0,0,1,1,1,1,1,1,1,0,0,1,1,0,1,1,0,0,0,0,1,0,0,0,1,0,1,0,0,0,0,0,0,0,0,0 : 13.2777
1,1,0,1,0,1,1,0,1,0,1,1,1,0,0,1,1,0,1,1,1,1,0,1,0,0,0,0,1,0,1,1,1,0,0,0,1,1,1 : 13.1776
0,0,1,1,0,0,0,0,0,1,1,1,0,0,0,0,0,1,1,1,1,0,0,0,1,1,0,0,1,1,0,0,0,0,0,0,0,1,0 : 13.176
0,0,0,1,1,1,1,1,1,0,0,0,1,1,0,1,0,1,1,0,1,1,0,1,0,0,0,0,1,0,0,0,1,0,0,0,0,0,0 : 13.2777
0,0,0,1,0,0,0,0,0,1,1,0,1,0,1,1,0,0,0,1,0,1,0,1,0,1,1,0,1,0,1,1,1,0,1,0,0,0,1 : 13.7198
0,1,0,0,0,0,1,0,0,0,1,0,0,0,0,0,0,0,1,0,1,0,0,0,1,1,0,1,0,1,0,0,1,0,0,1,0,1,1 : 13.3405
0,0,0,1,0,0,0,0,0,1,0,0,0,1,0,1,1,1,0,1,0,0,1,1,0,0,1,0,1,0,0,0,1,0,0,1,0,0,0 : 13.1698
1,0,0,1,0,1,1,1,1,0,0,0,0,0,1,1,0,0,1,0,0,1,1,0,0,0,1,0,0,1,1,1,0,1,0,0,0,1,0 : 13.2777
1,1,0,1,0,0,1,1,1,0,1,1,1,1,1,1,1,1,1,1,0,1,0,0,0,0,0,0,1,0,1,0,1,1,0,1,0,1,1 : 13.1776
1,0,0,0,0,0,1,1,1,1,0,1,1,0,1,0,0,0,1,0,1,1,0,1,0,1,0,0,1,1,1,1,1,0,0,0,0,1,1 : 13.607
0,0,0,0,0,1,0,0,0,1,1,0,1,1,0,1,1,1,0,1,0,1,0,1,0,0,0,0,0,0,0,0,0,0,0,1,0,1,0 : 13.324
0,0,0,0,1,1,0,0,1,0,0,1,0,0,0,1,0,0,1,1,1,1,1,1,0,0,1,0,0,1,1,0,1,0,0,1,0,0,1 : 13.1698
0,1,0,1,0,1,1,1,0,1,0,1,0,0,0,1,1,0,1,1,1,1,0,0,0,0,0,0,0,0,1,1,0,1,0,0,1,1,1 : 13.1776
0,1,0,1,1,1,0,1,0,0,1,0,0,0,1,1,0,1,1,0,0,1,1,1,0,0,1,0,1,1,0,0,0,0,1,0,0,1,0 : 13.2777
1,0,1,0,0,0,1,1,0,0,0,1,0,1,1,1,1,1,0,0,0,0,0,1,1,1,0,0,1,1,0,0,0,0,0,0,0,0,0 : 14.4205
1,1,0,1,0,0,0,0,0,0,0,0,0,0,1,1,0,0,1,1,0,0,1,0,1,0,1,0,0,1,1,0,1,0,1,0,0,0,1 : 13.168
1,0,1,1,0,0,0,1,1,0,0,1,0,1,1,0,0,1,1,1,0,0,1,0,1,1,0,0,0,0,0,0,1,0,1,1,0,0,0 : 13.1698
0,1,0,0,1,0,1,0,1,0,0,1,0,1,1,1,1,0,1,0,1,1,0,0,0,0,0,0,0,0,1,0,0,0,0,0,0,1,1 : 13.2777
1,1,0,0,0,1,1,1,1,1,0,0,0,0,1,1,0,1,0,0,1,1,1,0,0,0,0,0,1,0,1,0,0,1,0,1,0,0,1 : 13.2777
0,1,0,0,0,1,1,0,1,1,0,0,0,1,1,1,0,1,1,0,1,1,0,1,0,0,1,0,1,0,1,0,1,0,1,1,0,0,0 : 13.2777
0,0,0,0,0,1,1,1,0,1,1,1,1,1,0,0,0,1,1,1,0,1,1,0,0,1,0,0,0,0,1,0,0,0,1,0,0,1,0 : 13.176
1,1,0,0,0,1,0,0,0,0,0,1,1,0,0,1,1,1,1,0,1,1,1,1,0,0,0,0,0,1,1,0,1,1,0,1,1,0,1 : 13.2777
1,1,0,0,1,1,0,0,1,1,1,0,0,1,0,0,0,0,1,0,1,0,0,1,0,1,0,0,0,0,0,0,1,1,0,0,0,1,0 : 13.3405
0,1,0,1,0,0,0,0,1,1,0,0,0,1,1,1,0,0,1,0,0,1,0,1,0,0,1,1,1,0,0,0,1,0,0,0,0,1,0 : 13.2777
0,1,0,1,0,0,1,0,0,0,1,1,1,0,0,1,0,1,0,0,0,0,0,1,0,0,0,0,0,1,0,0,0,1,0,0,1,1,0 : 13.2777
1,0,0,1,1,0,0,0,1,0,1,1,0,1,1,1,1,0,1,0,1,1,0,1,1,0,1,0,0,0,0,0,1,0,0,0,0,0,0 : 13.2777
1,0,0,0,0,0,1,0,0,1,1,0,0,0,1,1,1,1,1,0,1,1,0,0,1,1,0,0,0,1,1,1,0,1,1,0,0,1,0 : 13.3405
0,1,0,1,0,0,1,1,1,0,1,0,1,0,1,0,1,0,0,1,0,1,1,1,0,0,1,0,0,1,0,0,0,0,0,0,1,0,0 : 13.9324
0,1,0,1,0,1,0,1,0,0,0,1,1,1,0,1,1,1,0,1,0,1,0,1,0,1,0,0,0,0,1,0,0,0,0,1,0,0,0 : 13.7198
0,1,0,1,0,0,0,1,1,1,1,0,0,0,1,1,1,0,0,0,0,1,0,1,0,0,1,0,1,0,0,0,1,1,0,1,0,0,0 : 13.2777
0,0,0,1,0,0,0,1,0,0,1,0,1,0,1,0,0,0,0,1,1,0,0,0,0,0,0,0,0,0,0,0,1,1,0,1,0,1,1 : 13.176
1,1,0,0,0,0,0,0,1,1,0,0,0,0,0,1,0,0,1,0,1,0,0,1,1,0,1,1,0,1,0,0,1,1,0,0,1,0,0 : 13.2777
0,0,0,1,1,1,0,1,0,0,1,1,0,0,0,1,0,1,1,0,0,0,1,0,1,1,0,0,0,0,0,1,1,0,0,0,0,1,0 : 13.3405
0,0,0,0,0,0,0,0,1,0,1,1,0,1,0,1,0,0,1,0,1,0,0,1,0,0,1,0,0,1,1,0,1,1,0,0,0,1,1 : 13.2777
1,0,1,0,1,0,0,1,0,1,0,1,1,0,0,0,0,1,0,1,0,1,0,1,0,1,1,0,0,1,0,0,1,0,0,1,0,0,1 : 13.6089
0,1,1,1,0,0,0,0,1,0,1,1,0,0,1,0,1,0,0,1,1,0,1,0,1,1,0,0,1,0,1,1,0,1,0,1,0,0,1 : 13.1698
0,0,1,1,0,0,0,0,0,1,0,0,1,1,0,0,0,1,1,0,0,0,0,1,1,1,0,0,0,0,0,0,1,0,0,0,1,0,1 : 13.7308
1,1,0,0,0,1,1,1,0,1,1,1,0,1,0,1,1,0,1,0,1,0,0,1,0,1,1,0,0,1,1,0,0,0,0,1,1,1,1 : 13.3405
1,0,1,1,0,0,0,0,0,1,1,1,0,0,0,0,1,1,0,1,1,0,1,1,1,0,1,0,1,1,1,0,1,0,0,1,0,0,0 : 13.1698
1,1,0,0,1,1,0,1,1,0,0,1,1,1,1,1,0,0,1,0,1,1,1,1,0,0,1,0,0,1,1,0,0,0,0,0,1,1,1 : 13.2777
1,1,0,1,0,0,1,0,1,0,1,1,1,1,0,0,0,1,0,0,1,1,1,0,1,1,0,0,1,0,0,0,0,1,0,0,1,0,1 : 13.5231
1,1,0,1,0,0,1,1,0,1,1,1,1,0,1,1,0,0,1,1,1,0,0,0,0,0,0,0,0,1,0,1,1,0,0,0,0,1,1 : 13.1776
1,0,0,0,0,0,1,0,1,0,1,0,0,1,0,0,0,1,0,1,0,0,1,1,0,0,0,0,1,1,0,1,0,1,0,0,1,1,1 : 13.176
0,0,0,1,0,0,0,0,0,1,1,1,1,1,1,0,0,1,1,1,0,1,1,1,0,0,0,0,1,0,0,0,1,1,0,1,1,1,1 : 13.176
1,1,0,1,0,1,0,0,0,0,0,0,0,1,1,0,1,0,0,1,0,0,1,1,0,0,0,0,1,0,0,0,0,1,0,1,0,0,1 : 13.1698
1,1,0,1,0,0,1,1,1,0,0,1,1,0,1,1,0,0,1,1,0,1,0,0,0,0,0,0,0,1,1,0,1,0,0,1,0,1,0 : 13.1776
0,1,0,1,1,0,0,1,1,0,0,0,0,0,0,1,0,1,0,1,0,0,1,0,0,0,1,0,1,0,0,0,1,0,1,0,0,0,1 : 13.168
0,1,0,0,1,1,0,0,1,1,0,0,1,1,1,1,0,0,1,0,1,0,1,0,0,0,1,0,0,1,1,1,0,1,0,0,0,1,1 : 13.2777
0,1,0,0,0,1,1,0,1,0,1,0,0,1,0,0,0,0,1,0,0,0,0,0,1,0,1,0,1,1,1,0,1,0,0,0,1,0,1 : 13.8915
0,0,0,1,0,0,1,1,0,0,1,1,1,0,1,1,0,1,1,1,0,0,0,0,0,0,0,1,1,0,0,0,0,0,0,0,1,1,1 : 13.1776
0,1,0,1,1,1,1,1,0,0,0,0,1,0,0,0,1,1,1,0,1,1,0,0,1,1,0,0,1,0,0,1,0,1,0,0,1,0,1 : 13.5231
1,0,0,1,0,1,1,1,1,0,0,1,1,0,1,1,0,1,1,0,0,0,1,0,1,0,1,0,1,0,0,0,1,1,0,1,0,0,0 : 13.2777
0,1,0,0,1,1,1,1,0,0,0,0,0,0,0,1,0,1,0,0,1,1,0,0,0,0,1,0,1,0,0,1,0,1,1,0,0,1,0 : 13.2777
0,0,0,1,0,1,1,1,0,0,1,0,0,1,1,1,0,0,1,1,1,0,1,1,0,0,0,0,0,1,0,0,0,1,0,0,1,1,1 : 13.1776
1,1,0,0,1,1,1,0,0,1,0,1,1,0,1,1,0,0,0,0,1,0,1,0,0,0,1,1,0,0,1,1,1,0,0,0,0,1,0 : 13.2777
1,0,0,1,0,1,1,0,0,1,1,1,1,1,0,1,0,1,0,1,1,0,1,0,0,1,0,0,1,0,1,1,1,0,0,0,1,0,1 : 13.024
0,1,0,1,1,1,0,0,1,0,1,1,1,0,0,1,0,1,1,0,0,1,0,1,1,0,1,0,0,0,0,0,0,1,0,0,0,0,0 : 13.2777
1,1,0,1,1,0,1,0,1,0,1,1,1,0,0,1,0,0,1,0,1,0,1,1,0,0,1,1,0,1,0,0,1,1,0,1,1,1,1 : 13.2777
1,1,0,0,0,0,1,0,0,1,1,1,1,1,1,1,1,0,0,1,0,1,1,1,0,1,0,0,1,0,1,1,0,1,0,1,1,0,0 : 13.024
0,1,0,0,0,0,1,0,0,1,0,0,1,0,1,1,0,0,0,0,1,1,1,1,0,0,1,0,0,1,1,0,0,1,1,0,0,1,0 : 13.2777
1,0,0,0,1,1,1,1,0,1,0,1,1,0,1,1,0,1,0,0,0,1,0,0,0,0,0,0,0,1,0,0,0,0,1,0,0,1,0 : 13.2777
0,0,0,0,0,0,0,0,1,0,0,1,1,0,1,1,1,1,1,0,1,0,1,1,0,1,1,0,1,0,0,0,0,0,0,1,0,0,0 : 13.7033
0,0,1,0,0,0,1,1,0,1,1,1,0,0,1,0,0,1,0,0,1,0,0,1,1,1,0,0,1,1,0,1,0,1,0,1,0,0,0 : 13.9837
0,0,0,1,0,1,0,0,0,1,0,1,0,1,1,0,1,1,0,1,0,0,1,0,0,0,0,0,0,1,1,1,1,0,0,0,0,1,1 : 13.176
