0,1,0,1,0,1,0,1,1,0,0,0,0,1,1,0,0,0 : 0.36
0,1,0,0,0,1,0,1,1,0,0,0,0,1,1,0,0,0 : 0.36
0,1,0,1,0,1,0,1,1,0,0,0,0,1,1,0,0,0 : 0.36
0,1,0,1,0,1,0,1,1,0,0,0,0,1,1,0,0,0 : 0.36
0,1,0,1,0,1,0,1,1,0,0,0,0,1,1,0,0,0 : 0.36
0,1,0,1,0,1,0,1,1,0,0,0,0,1,1,0,0,0 : 0.36
0,1,0,1,0,1,0,1,1,0,0,0,0,1,1,0,0,0 : 0.36
0,1,0,1,0,1,0,1,1,0,0,0,0,1,1,0,0,0 : 0.36
0,1,0,0,0,1,0,1,1,0,0,0,0,1,1,0,0,0 : 0.36
0,1,0,1,0,1,0,1,1,0,0,0,0,1,1,0,0,0 : 0.36
0,1,0,1,0,1,0,1,1,0,0,0,0,1,1,0,0,0 : 0.36
0,1,0,1,0,1,0,1,1,0,0,0,0,1,1,0,0,0 : 0.36
0,1,0,1,0,1,0,1,1,0,0,0,0,1,1,0,0,0 : 0.36
0,1,0,1,0,1,0,1,1,0,0,0,0,1,1,0,0,0 : 0.36
0,1,0,0,0,1,0,1,1,0,0,0,0,1,1,0,0,0 : 0.36
0,1,0,1,0,1,0,1,1,0,0,0,0,1,1,0,0,0 : 0.36
0,1,0,1,0,1,0,1,1,0,0,0,0,1,1,0,0,0 : 0.36
0,1,0,1,0,1,0,1,1,0,0,0,0,1,1,0,0,0 : 0.36
0,1,0,1,0,1,0,1,1,0,0,0,0,1,1,0,0,0 : 0.36
0,1,0,1,0,1,0,1,1,0,0,0,0,1,1,0,0,0 : 0.36
0,1,0,1,0,1,0,1,1,0,0,0,0,1,1,0,0,0 : 0.36
0,1,0,0,0,1,0,1,1,0,0,0,0,1,1,0,0,0 : 0.36
0,1,0,1,0,1,0,1,1,0,0,0,0,1,1,0,0,0 : 0.36
0,1,0,1,0,1,0,1,1,0,0,0,0,1,1,0,0,0 : 0.36
0,1,0,1,0,1,0,1,1,0,0,0,0,1,1,0,0,0 : 0.36
0,1,0,1,0,1,0,1,1,0,0,0,0,1,1,0,0,0 : 0.36
0,1,0,0,1,0,1,1,1,0,0,0,0,1,0,0,0,1 : 0.387
0,1,1,0,1,0,1,1,1,0,0,0,0,1,0,0,0,1 : 0.387
0,1,0,0,1,0,1,1,1,0,0,0,0,1,0,0,0,1 : 0.387
0,1,0,0,1,0,1,1,1,0,0,0,0,1,0,0,0,1 : 0.387
0,1,0,0,1,0,1,1,1,0,0,0,0,1,0,0,0,1 : 0.387
0,1,1,0,1,0,1,1,1,0,0,0,0,1,0,0,0,1 : 0.387
0,1,0,0,1,0,1,1,1,0,0,0,0,1,0,0,0,1 : 0.387
0,1,0,0,1,0,1,1,1,0,0,0,0,1,0,0,0,1 : 0.387
0,1,0,0,1,0,1,1,1,0,0,0,0,1,0,0,0,1 : 0.387
0,1,1,0,1,0,1,1,1,0,0,0,0,1,0,0,0,1 : 0.387
0,1,0,0,1,0,1,1,1,0,0,0,0,1,0,0,0,1 : 0.387
0,1,0,0,1,0,1,1,1,0,0,0,0,1,0,0,0,1 : 0.387
0,1,0,0,1,0,1,1,1,0,0,0,0,1,0,0,0,1 : 0.387
0,1,1,0,1,0,1,1,1,0,0,0,0,1,0,0,0,1 : 0.387
0,1,0,0,1,0,1,1,1,0,0,0,0,1,0,0,0,1 : 0.387
0,1,0,0,1,0,1,1,1,0,0,0,0,1,0,0,0,1 : 0.387
0,0,1,0,0,1,0,1,0,1,0,0,0,1,0,0,1,0 : 0.4478
0,0,0,1,1,1,0,1,0,1,0,0,0,1,0,0,1,0 : 0.4478
0,0,0,0,1,1,0,1,0,1,0,0,0,1,0,0,1,0 : 0.4478
0,0,0,0,1,1,0,1,0,1,0,0,0,1,0,0,1,0 : 0.4478
0,0,1,0,0,1,0,1,0,1,0,0,0,1,0,0,1,0 : 0.4478
0,0,0,1,1,1,0,1,0,1,0,0,0,1,0,0,1,0 : 0.4478
0,0,0,0,0,1,0,1,0,1,0,0,0,1,0,0,1,0 : 0.4478
0,0,1,1,0,0,0,1,0,1,0,0,0,1,0,0,1,0 : 0.4478
0,0,0,0,0,0,0,1,0,1,0,0,0,1,0,0,1,0 : 0.4478
0,0,1,1,0,0,0,1,0,1,0,0,0,1,0,0,1,0 : 0.4478
0,0,1,1,0,0,0,1,0,1,0,0,0,1,0,0,1,0 : 0.4478
0,0,0,1,1,0,0,1,0,1,0,0,0,1,0,0,1,0 : 0.4478
0,0,0,0,1,1,0,1,0,1,0,0,0,1,0,0,1,0 : 0.4478
0,0,1,1,1,0,0,1,0,1,0,0,0,1,0,0,1,0 : 0.4478
0,0,1,1,0,0,0,1,0,1,0,0,0,1,0,0,1,0 : 0.4478
0,0,0,1,1,1,0,1,0,1,0,0,0,1,0,0,1,0 : 0.4478
0,0,0,1,0,0,0,1,0,1,0,0,0,1,0,0,1,0 : 0.4478
0,0,1,1,0,0,0,1,0,1,0,0,0,1,0,0,1,0 : 0.4478
0,0,0,1,1,0,0,1,0,1,0,0,0,1,0,0,1,0 : 0.4478
0,0,0,0,1,1,0,1,0,1,0,0,0,1,0,0,1,0 : 0.4478
0,0,0,1,1,0,0,1,0,1,0,0,0,1,0,0,1,0 : 0.4478
0,0,1,0,0,1,0,1,0,1,0,0,0,1,0,0,1,0 : 0.4478
0,0,0,0,0,0,0,1,0,1,0,0,0,1,0,0,1,0 : 0.4478
0,0,0,1,0,0,0,1,0,1,0,0,0,1,0,0,1,0 : 0.4478
0,0,1,0,0,0,0,1,0,1,0,0,0,1,1,0,0,0 : 0.4478
0,0,0,1,1,1,0,1,0,1,0,0,0,1,0,0,1,0 : 0.4478
0,0,0,0,0,0,0,1,0,1,0,0,0,1,0,0,1,0 : 0.4478
0,0,0,0,1,1,0,1,0,1,0,0,0,1,0,0,1,0 : 0.4478
0,0,1,1,1,0,0,1,0,1,0,0,0,1,0,0,1,0 : 0.4478
0,0,0,1,0,0,0,1,0,1,0,0,0,1,0,0,1,0 : 0.4478
0,0,1,1,0,1,0,1,0,1,0,0,0,1,0,0,1,0 : 0.4478
0,0,0,0,0,1,0,1,0,1,0,0,0,1,0,0,1,0 : 0.4478
0,0,1,0,0,0,0,1,0,1,0,0,0,1,0,0,1,0 : 0.4478
0,0,0,0,1,0,0,1,0,1,0,0,0,1,0,0,1,0 : 0.4478
0,0,0,0,0,1,0,1,0,1,0,0,0,1,0,0,1,0 : 0.4478
0,0,1,0,0,0,0,1,0,1,0,0,0,1,0,0,1,0 : 0.4478
0,0,0,1,1,1,0,1,0,1,0,0,0,1,0,0,1,0 : 0.4478
0,0,1,0,0,0,0,1,0,1,0,0,0,1,0,0,1,0 : 0.4478
0,0,0,1,1,1,0,1,0,1,0,0,0,1,0,0,1,0 : 0.4478
0,0,0,0,1,1,0,1,0,1,0,0,0,1,0,0,1,0 : 0.4478
0,0,1,1,0,0,0,1,0,1,0,0,0,1,0,0,1,0 : 0.4478
0,0,1,0,1,1,0,1,0,1,0,0,0,1,0,0,1,0 : 0.4478
0,0,1,1,0,0,0,1,0,1,0,0,0,1,1,0,0,0 : 0.4478
0,0,1,1,0,0,0,1,0,1,0,0,0,1,0,0,1,0 : 0.4478
0,0,0,0,0,1,0,1,0,1,0,0,0,1,0,0,1,0 : 0.4478
0,0,1,1,1,0,0,1,0,1,0,0,0,1,0,0,1,0 : 0.4478
0,0,0,0,0,1,0,1,0,1,0,0,0,1,0,0,1,0 : 0.4478
0,0,1,1,1,0,0,1,0,1,0,0,0,1,0,0,1,0 : 0.4478
0,0,1,1,0,0,0,1,0,1,0,0,0,1,0,0,1,0 : 0.4478
0,0,0,1,1,1,0,1,0,1,0,0,0,1,0,0,1,0 : 0.4478
0,0,1,0,0,1,0,1,0,1,0,0,0,1,0,0,1,0 : 0.4478
0,0,0,0,1,1,0,1,0,1,0,0,0,1,0,0,1,0 : 0.4478
0,0,0,0,1,1,0,1,0,1,0,0,0,1,0,0,1,0 : 0.4478
0,0,1,0,0,1,0,1,0,1,0,0,0,1,0,0,1,0 : 0.4478
0,0,0,1,1,1,0,1,0,1,0,0,0,1,0,0,1,0 : 0.4478
0,0,0,0,0,1,0,1,0,1,0,0,0,1,0,0,1,0 : 0.4478
0,0,1,1,0,0,0,1,0,1,0,0,0,1,0,0,1,0 : 0.4478
0,0,0,0,0,0,0,1,0,1,0,0,0,1,0,0,1,0 : 0.4478
