1,1,0,1,0,1,0,1,1,0,1,0,1,0,0,1,1,0,1,0,1,0,0,1,0,1,0,0,0,0,0,1,1,0,0,0,0,1,0 : 13.3405
1,0,0,0,0,0,1,0,1,0,0,1,0,1,0,0,1,1,0,1,1,1,1,1,0,0,0,0,1,0,1,0,0,1,0,0,0,1,1 : 13.176
0,1,0,1,0,0,1,1,0,1,0,1,0,1,0,1,0,0,0,0,0,1,0,0,0,0,0,1,0,0,1,0,1,1,0,0,0,1,1 : 13.2777
0,1,1,1,0,0,0,0,0,0,1,1,1,1,0,1,1,0,0,0,1,0,0,1,1,1,0,0,1,1,0,0,1,0,0,0,0,0,0 : 13.9167
1,1,0,0,0,1,0,1,1,1,1,1,0,1,0,0,1,1,0,1,0,0,1,1,0,1,0,1,1,0,0,0,0,1,0,0,1,1,1 : 13.2188
0,0,0,1,0,1,0,1,1,1,0,1,0,0,0,0,0,0,1,1,1,0,1,0,0,0,0,0,1,1,1,0,0,1,0,0,1,1,1 : 13.176
1,1,0,1,1,1,1,0,1,1,1,0,1,0,1,1,0,1,0,1,1,0,1,0,0,0,0,1,1,0,0,0,0,1,0,0,1,0,0 : 13.9324
1,1,0,0,1,1,0,1,1,1,1,1,1,0,1,1,0,0,1,0,0,1,0,0,1,0,1,0,1,0,1,1,0,1,0,1,0,1,1 : 13.2777
0,0,0,0,0,1,1,1,0,0,0,0,0,0,0,1,0,0,1,0,0,1,1,1,0,0,1,0,1,1,1,0,0,1,0,1,0,1,0 : 13.2777
0,1,0,0,0,1,0,1,1,1,1,1,0,0,0,1,0,1,0,0,0,1,1,0,0,0,0,1,0,0,1,1,1,0,0,0,0,1,1 : 13.2777
0,1,0,1,1,1,1,0,1,0,1,0,0,1,1,1,0,1,0,0,0,1,0,0,0,0,0,1,0,0,1,0,0,1,0,1,0,1,0 : 13.2777
1,1,0,0,0,0,1,1,1,1,0,0,1,0,1,0,1,0,1,1,1,0,1,0,1,1,0,1,1,0,0,1,0,1,0,0,1,1,0 : 13.2188
1,0,0,1,0,0,0,1,1,1,1,1,0,0,0,0,1,1,0,1,1,0,1,0,0,1,0,1,0,1,0,0,1,1,0,0,0,1,0 : 13.176
0,0,0,1,0,0,1,1,0,0,1,1,0,0,1,0,0,0,1,1,1,0,0,0,0,1,0,0,0,0,0,1,1,0,0,0,1,1,1 : 13.176
0,1,0,0,1,1,1,0,1,0,0,1,1,1,1,0,0,1,0,0,0,0,1,1,1,1,0,0,0,1,0,0,1,1,0,1,0,1,0 : 13.3405
0,0,1,0,0,0,1,1,1,0,0,1,0,1,1,0,0,1,1,1,0,1,1,0,0,0,0,0,0,1,1,0,0,1,0,0,0,1,0 : 13.176
0,1,0,1,0,1,1,1,1,1,0,1,0,1,0,1,0,1,1,0,1,1,0,0,0,0,1,1,0,1,0,1,0,1,0,1,0,1,0 : 13.2777
0,0,0,1,1,1,1,0,0,1,1,1,1,1,0,1,0,1,1,0,1,1,0,1,0,0,1,0,0,1,1,0,0,0,0,1,0,0,0 : 13.2777
0,0,0,0,1,0,1,0,0,1,1,0,0,0,1,1,1,0,1,1,1,1,0,0,0,0,1,0,0,1,0,0,1,1,0,1,0,1,0 : 13.8644
0,0,0,0,0,1,0,0,1,1,0,1,0,0,0,1,0,0,1,0,1,0,0,1,0,0,0,0,1,1,1,0,1,0,0,0,0,1,1 : 13.2777
0,1,0,0,1,1,1,1,1,1,0,1,1,1,0,1,0,1,0,0,0,1,0,0,1,0,1,1,0,1,0,0,1,0,0,1,0,1,1 : 13.2777
1,0,0,0,0,1,1,1,0,1,1,1,1,0,1,0,1,1,0,1,1,0,1,0,1,1,0,0,0,1,0,0,0,1,0,0,0,0,0 : 13.024
1,0,0,1,1,0,1,1,1,0,0,1,0,1,1,0,1,1,0,1,1,0,1,1,1,1,0,0,0,0,1,0,1,1,0,0,0,0,0 : 13.3611
1,0,0,1,1,0,1,0,0,0,1,1,0,0,1,0,0,1,0,1,1,0,1,0,0,0,1,0,0,0,1,1,0,1,0,1,0,0,0 : 13.3611
1,1,1,0,0,1,0,1,0,1,1,1,0,1,0,1,0,0,0,0,0,1,1,1,0,0,1,1,0,0,1,1,0,1,1,0,0,0,1 : 15.4166
1,0,1,0,1,0,0,1,0,0,1,1,1,0,0,0,0,1,0,0,1,0,1,1,0,0,0,0,1,1,0,1,1,0,0,1,0,1,0 : 13.8168
0,1,0,1,0,0,0,1,0,1,0,1,0,0,0,0,0,0,0,1,0,1,0,1,0,1,0,0,0,1,0,0,0,1,0,0,1,1,0 : 13.2188
1,0,1,1,0,0,0,0,1,1,0,1,1,1,0,1,0,1,0,0,0,0,0,1,0,1,1,0,0,0,1,1,0,1,0,1,1,0,0 : 14.0049
0,1,0,0,0,0,0,0,1,1,1,0,0,0,1,1,0,0,0,0,1,1,0,1,0,0,1,0,1,1,0,1,1,0,0,1,1,0,0 : 13.2777
0,0,0,1,1,1,0,1,0,1,1,1,1,1,0,1,0,0,0,0,0,1,0,1,0,1,1,1,0,0,1,0,0,0,0,0,0,1,1 : 13.3405
1,0,0,0,1,0,0,0,1,0,0,0,1,0,1,1,0,0,0,0,1,1,0,0,0,1,1,0,1,1,0,1,1,0,0,0,0,1,1 : 13.607
1,0,0,1,0,1,1,1,0,0,1,1,1,1,1,0,1,0,1,0,1,0,0,0,0,0,1,0,0,1,1,1,0,1,0,1,0,1,1 : 13.5915
1,0,0,1,0,0,0,0,0,1,1,0,1,1,1,1,0,0,0,0,0,0,0,0,0,0,1,0,0,1,0,0,0,1,0,0,1,1,1 : 13.2777
0,1,0,0,0,1,0,0,1,0,1,0,0,0,0,0,1,1,0,1,0,1,1,0,0,0,0,0,0,1,0,0,0,0,0,0,0,0,1 : 13.168
1,1,0,1,0,1,0,1,1,0,1,1,1,0,1,1,0,0,0,0,0,0,0,1,1,0,1,0,1,0,1,0,0,1,0,0,0,1,1 : 13.2777
1,0,0,1,0,1,1,0,1,0,0,0,1,0,1,0,1,0,0,0,1,1,1,1,0,1,1,0,1,0,1,0,0,1,1,1,0,0,0 : 13.5508
1,1,1,0,0,1,0,1,1,1,1,1,0,0,1,1,0,1,1,0,0,0,0,0,0,1,0,0,0,1,1,0,0,0,0,1,0,0,0 : 14.6814
0,1,0,1,0,0,0,0,0,1,0,0,0,1,0,1,1,0,1,1,1,0,0,1,0,1,1,0,1,0,1,1,1,0,0,0,1,0,1 : 13.9463
0,0,1,1,0,0,0,0,0,1,1,1,0,0,0,0,0,1,1,1,1,0,0,0,1,1,0,0,1,1,0,0,0,0,0,0,0,1,0 : 13.176
0,0,0,1,1,1,1,1,1,0,0,0,1,1,0,1,0,1,1,0,1,1,0,1,0,0,0,0,1,0,0,0,1,0,0,0,0,0,0 : 13.2777
0,0,0,1,0,1,1,0,0,1,1,1,1,0,0,0,0,1,1,1,0,1,1,0,0,1,0,0,0,0,1,0,1,1,0,0,0,0,1 : 13.024
0,1,1,0,0,0,1,0,0,0,1,0,0,0,0,0,0,0,1,0,1,0,0,0,1,1,0,1,0,1,0,0,1,0,0,1,1,1,1 : 13.7107
1,0,0,1,0,0,0,0,0,1,0,0,0,0,0,1,1,1,0,0,1,0,1,1,1,0,1,0,1,0,1,0,1,1,0,0,0,1,1 : 13.2777
1,0,0,1,0,1,1,1,1,0,0,0,0,0,1,1,0,0,1,0,0,1,1,0,0,0,1,0,0,1,1,1,0,1,0,0,0,1,0 : 13.2777
1,1,0,1,1,0,0,1,0,0,1,0,0,1,1,1,1,1,0,1,0,1,1,1,0,0,1,0,0,1,1,0,1,1,0,1,0,0,1 : 13.1698
1,0,0,1,1,1,0,1,1,0,0,1,0,0,0,0,0,0,1,0,1,1,1,0,0,1,1,0,1,1,0,0,0,1,0,1,0,0,1 : 13.5508
0,0,0,0,0,1,1,0,1,1,1,0,1,1,1,1,0,0,1,1,1,1,0,0,0,1,1,0,0,0,0,0,0,0,0,1,0,1,0 : 13.8644
0,0,0,1,0,1,0,1,1,1,0,1,0,1,1,0,1,0,0,1,1,1,0,0,0,1,1,0,0,0,0,1,1,0,0,0,0,0,0 : 13.7198
0,1,0,1,1,1,0,1,1,1,1,1,0,0,1,1,0,1,1,1,0,1,1,1,0,1,0,0,0,0,0,1,0,1,1,1,0,0,0 : 13.1698
0,1,0,1,1,0,0,0,0,0,1,0,0,0,1,1,0,0,1,1,0,0,0,1,0,0,1,0,1,0,0,1,0,1,1,0,0,1,0 : 14.2166
0,0,0,0,0,0,1,1,1,0,0,1,0,1,0,0,0,1,1,0,0,1,0,1,1,1,0,0,0,1,1,0,0,1,0,0,1,1,1 : 13.3405
1,0,0,1,0,0,1,0,1,0,0,0,0,0,1,0,1,0,1,1,0,1,1,1,0,0,1,0,1,1,0,0,0,1,0,1,0,0,0 : 13.3611
1,0,1,1,0,0,0,1,1,0,0,1,0,1,1,0,0,1,1,1,0,0,1,0,1,1,0,0,0,0,0,0,1,0,1,1,0,0,0 : 13.1698
0,0,0,0,0,0,1,1,0,1,0,1,1,0,0,1,1,0,0,1,1,0,0,0,0,1,0,0,0,0,0,0,0,0,0,1,0,1,1 : 13.324
1,1,0,0,0,1,1,1,0,1,1,0,1,0,0,1,0,1,0,1,0,0,1,0,1,1,0,0,0,0,1,0,0,1,0,0,1,0,1 : 13.024
0,1,0,0,0,1,1,0,1,1,0,0,0,1,1,1,0,1,1,0,1,1,0,1,0,0,1,0,1,0,1,0,1,0,1,1,0,0,0 : 13.2777
0,0,0,1,0,0,1,0,1,1,1,1,0,1,0,1,0,0,0,1,0,0,1,1,0,1,0,0,0,0,1,0,1,0,0,0,0,1,1 : 13.4263
1,1,0,0,1,0,0,0,0,0,0,1,0,0,0,1,1,0,1,0,1,0,0,1,0,0,0,0,0,1,1,1,1,0,0,0,1,0,1 : 13.2777
1,1,0,0,1,1,0,1,1,1,1,1,0,1,0,0,0,0,1,0,1,0,0,1,0,1,0,0,1,0,0,0,1,1,0,0,0,1,0 : 13.607
0,1,0,0,1,0,0,0,1,1,1,0,0,1,1,1,0,0,1,1,0,1,1,1,0,0,1,0,1,0,0,0,1,0,0,0,0,0,0 : 13.168
0,1,0,0,0,1,0,1,0,0,1,1,1,1,0,0,0,0,0,1,0,0,1,1,0,1,0,0,0,1,0,1,1,0,0,1,1,1,0 : 13.2188
1,0,0,1,1,0,0,0,1,0,1,1,0,1,1,1,1,0,0,1,1,1,0,1,1,0,1,1,0,1,0,1,1,0,0,0,0,0,0 : 13.7198
1,0,0,0,1,1,1,0,0,0,1,1,0,0,1,1,0,1,1,0,1,1,0,0,1,1,0,0,1,1,1,1,0,1,0,0,0,1,0 : 13.607
0,0,0,1,0,0,1,1,1,0,1,0,1,0,1,0,1,0,1,0,1,1,1,1,0,0,1,0,1,1,0,0,0,0,1,0,1,0,0 : 14.3321
1,1,0,0,0,1,1,1,1,0,1,1,0,1,0,0,1,1,1,0,0,0,0,0,0,1,1,0,0,0,1,1,1,0,0,0,0,1,0 : 13.3405
0,0,0,1,0,0,0,1,0,0,0,0,1,0,0,0,1,0,1,1,0,1,0,0,1,0,1,0,0,1,0,0,1,1,0,1,0,0,0 : 13.7198
0,0,0,1,0,0,0,1,0,0,1,0,1,0,1,0,0,0,0,1,1,0,0,0,0,0,0,0,0,0,0,0,1,1,0,1,0,1,1 : 13.176
1,1,0,0,0,0,0,0,1,1,0,0,0,0,0,1,0,0,1,0,1,0,0,1,1,0,1,1,0,1,0,0,1,1,0,0,1,0,0 : 13.2777
1,0,0,0,1,1,0,1,0,0,0,1,0,0,0,0,0,1,1,0,0,0,1,0,1,1,0,1,1,0,0,1,1,0,0,0,1,1,0 : 13.607
1,1,0,1,1,1,0,0,1,0,0,1,0,0,0,0,1,0,0,0,1,0,1,1,1,1,0,0,0,0,1,0,0,0,0,0,0,1,1 : 13.3405
0,0,0,1,0,0,1,1,1,0,1,1,1,1,0,1,0,1,0,1,0,1,1,0,1,1,0,0,1,1,1,0,0,1,0,0,0,0,1 : 13.024
1,1,0,1,1,0,1,0,0,0,1,0,1,0,0,0,1,0,0,1,0,0,1,0,1,1,0,0,0,0,1,1,0,1,0,1,1,0,0 : 13.024
1,0,1,0,1,0,0,0,1,1,1,0,1,1,1,0,1,0,0,0,0,1,1,1,1,0,1,0,0,1,0,0,1,0,0,0,1,0,1 : 14.1705
1,1,0,0,1,1,0,1,0,1,1,1,0,1,0,1,1,1,0,0,1,0,0,0,0,0,1,0,1,1,0,0,1,0,0,1,1,1,0 : 13.2777
1,0,0,1,0,1,0,1,0,1,0,1,0,1,0,1,0,1,0,1,1,0,1,0,0,0,0,0,1,1,0,0,1,0,0,0,0,0,0 : 13.168
1,1,0,0,0,0,1,0,1,1,0,1,0,0,0,0,1,0,1,0,1,1,1,1,0,1,1,0,1,1,0,0,1,1,0,0,0,0,1 : 13.5508
1,1,0,1,0,0,0,1,1,0,1,0,1,1,1,0,0,0,1,1,1,1,0,1,0,1,1,0,1,0,0,1,0,1,0,1,1,1,0 : 14.2166
1,1,0,1,0,1,1,1,0,1,1,1,1,1,1,1,0,0,1,0,1,0,0,0,0,0,0,0,0,0,0,1,1,0,0,1,0,1,0 : 13.2777
1,1,0,1,1,0,0,0,1,0,1,0,0,1,0,0,1,1,0,0,0,1,1,1,0,0,1,1,0,1,0,1,1,0,0,0,1,0,1 : 13.8915
1,0,0,1,0,1,0,1,0,1,0,1,0,0,1,0,1,1,0,1,0,1,1,0,0,1,0,0,1,0,0,0,0,1,0,1,1,1,1 : 13.176
1,1,0,1,0,1,0,0,0,0,0,0,0,1,1,0,1,0,0,1,0,0,1,1,0,0,0,0,1,0,0,0,0,1,0,1,0,0,1 : 13.1698
1,1,0,1,1,0,0,0,0,0,1,1,0,0,1,0,1,0,1,0,0,0,1,0,0,0,0,0,0,0,1,0,0,1,0,1,1,0,1 : 13.5915
0,0,0,0,1,0,0,0,1,0,1,0,0,0,0,1,0,1,0,0,0,1,1,0,0,0,1,0,1,0,0,0,1,0,1,0,0,0,1 : 13.2777
1,1,0,0,0,0,0,0,0,1,1,0,1,0,1,1,0,0,0,0,1,1,0,0,0,0,0,0,0,1,0,0,1,1,0,0,1,0,1 : 13.2777
0,1,1,0,0,1,0,1,0,0,1,0,0,1,1,0,0,0,1,1,0,0,0,1,1,0,1,0,1,1,1,0,0,1,0,0,1,1,1 : 14.2166
0,0,0,1,0,0,1,1,0,0,1,1,1,0,1,1,0,1,1,1,0,0,0,0,0,0,0,1,1,0,0,0,0,0,0,0,1,1,1 : 13.1776
0,1,0,1,1,1,1,1,0,0,0,0,1,0,0,0,1,1,1,0,1,1,0,0,1,1,0,0,1,0,0,1,0,1,0,0,1,0,1 : 13.5231
1,0,0,1,0,1,1,1,1,0,0,1,1,0,1,1,0,1,1,0,0,0,1,0,1,0,1,0,1,0,0,0,1,1,0,1,0,0,0 : 13.2777
1,1,1,0,1,0,0,1,0,1,0,0,0,0,0,0,0,1,0,1,1,1,0,0,0,0,0,1,1,0,0,0,0,1,0,0,0,1,1 : 13.8814
0,0,0,1,1,1,1,1,1,0,1,0,0,0,1,1,1,0,0,0,1,0,1,1,0,0,0,0,0,1,0,0,1,0,0,1,1,1,1 : 13.2777
1,1,0,0,1,1,1,0,0,1,0,1,1,0,1,1,0,0,0,0,1,0,1,0,0,0,1,1,0,0,1,1,1,0,0,0,0,1,0 : 13.2777
1,0,0,1,0,1,0,0,0,1,1,1,1,0,0,0,0,1,0,1,1,0,0,0,1,1,0,0,1,0,1,0,1,1,0,0,1,0,1 : 13.6338
0,0,0,1,1,1,0,1,0,1,1,0,1,0,0,1,0,1,1,0,0,1,0,1,1,1,0,0,1,0,1,1,1,0,0,0,0,0,0 : 13.8387
1,1,0,1,1,0,0,0,1,1,1,1,1,0,0,1,0,0,0,0,0,0,1,0,0,1,0,1,0,1,0,0,1,1,0,1,1,1,1 : 13.3405
1,0,0,1,1,0,1,0,0,1,1,1,1,1,0,1,1,0,0,0,1,0,0,1,0,0,0,0,0,1,1,1,1,0,0,1,1,0,0 : 13.2777
0,1,0,0,0,0,1,0,0,1,0,0,1,0,1,1,0,0,0,0,1,1,1,1,0,0,1,0,0,1,1,0,0,1,1,0,0,1,0 : 13.2777
1,0,0,0,1,1,1,1,0,1,0,1,0,0,1,0,0,1,0,0,0,1,0,0,0,1,0,0,0,1,0,0,0,0,1,0,0,1,0 : 13.3405
0,1,0,1,0,1,0,0,0,1,0,1,1,1,1,1,1,0,0,1,1,1,0,0,0,1,1,0,1,0,1,0,0,1,0,1,0,1,1 : 14.2166
1,0,0,0,0,0,0,0,0,0,1,1,0,0,0,1,0,1,0,0,1,1,0,0,0,1,0,0,1,0,1,1,0,1,0,0,1,0,0 : 13.5231
0,0,0,1,0,1,0,0,0,1,0,1,0,1,1,1,1,0,1,0,0,0,0,1,0,1,1,0,0,1,1,1,1,0,0,0,0,1,1 : 13.3405
