1,1,1,1,1,0,0,0,1,0,0,1,1,1,0,0 : 247.517
1,1,0,1,0,0,0,1,1,1,0,0,1,1,0,0 : 247.517
1,1,1,1,1,0,1,0,1,1,0,0,1,1,0,0 : 247.517
1,1,0,1,1,0,1,0,1,1,0,0,1,1,0,0 : 247.517
1,1,0,1,1,0,0,1,1,1,0,0,1,1,0,0 : 247.517
1,1,0,1,0,0,1,1,1,1,0,0,1,1,0,0 : 247.517
1,1,1,1,0,0,0,1,1,0,1,0,1,1,0,0 : 247.517
1,1,0,1,0,0,1,1,1,1,0,0,1,1,0,0 : 247.517
1,1,1,1,1,0,0,1,1,0,1,0,1,1,0,0 : 247.517
1,1,0,1,1,0,1,1,1,1,0,0,1,1,0,0 : 247.517
1,1,1,1,0,0,1,1,1,0,1,0,1,1,0,0 : 247.517
1,1,1,1,0,0,1,0,1,0,1,0,1,1,0,0 : 247.517
1,1,1,1,1,0,0,0,1,0,1,0,1,1,0,0 : 247.517
1,1,1,1,1,0,0,0,1,0,0,1,1,1,0,0 : 247.517
1,1,0,1,1,0,1,1,1,1,0,0,1,1,0,0 : 247.517
1,1,0,1,1,0,0,0,1,1,0,0,1,1,0,0 : 247.517
1,1,0,1,1,0,0,1,1,0,1,0,1,1,0,0 : 247.517
1,1,0,1,1,0,0,0,1,1,0,0,1,1,0,0 : 247.517
1,1,1,1,1,0,0,1,1,0,1,0,1,1,0,0 : 247.517
1,1,0,1,0,0,1,1,1,1,0,0,1,1,0,0 : 247.517
1,1,1,1,0,0,1,0,1,1,0,0,1,1,0,0 : 247.517
1,1,0,1,0,0,0,1,1,0,1,0,1,1,0,0 : 247.517
1,1,0,1,0,0,0,1,1,0,1,0,1,1,0,0 : 247.517
1,1,0,1,1,0,0,0,1,0,1,0,1,1,0,0 : 247.517
1,1,1,1,1,0,0,0,1,0,1,0,1,1,0,0 : 247.517
1,1,0,1,0,0,1,1,1,1,0,0,1,1,0,0 : 247.517
1,1,0,1,0,0,1,0,1,1,0,0,1,1,0,0 : 247.517
1,1,0,1,0,0,1,1,1,0,1,0,1,1,0,0 : 247.517
1,1,0,1,0,0,1,1,1,1,0,0,1,1,0,0 : 247.517
1,1,0,1,1,0,0,1,1,1,0,0,1,1,0,0 : 247.517
1,1,0,1,0,0,0,1,1,1,0,0,1,1,0,0 : 247.517
1,1,0,1,0,0,0,1,1,0,1,0,1,1,0,0 : 247.517
1,1,0,1,1,0,0,0,1,0,1,0,1,1,0,0 : 247.517
1,1,0,1,1,0,0,0,1,0,1,0,1,1,0,0 : 247.517
1,1,1,1,1,0,0,0,1,0,0,1,1,1,0,0 : 247.517
1,1,0,1,0,0,1,1,1,1,0,0,1,1,0,0 : 247.517
1,1,0,1,1,0,1,0,1,1,0,0,1,1,0,0 : 247.517
1,1,0,1,0,0,1,1,1,1,0,0,1,1,0,0 : 247.517
1,1,0,1,1,0,0,1,1,0,1,0,1,1,0,0 : 247.517
1,1,0,1,0,0,1,1,1,1,0,0,1,1,0,0 : 247.517
1,1,0,1,0,0,1,1,1,0,1,0,1,1,0,0 : 247.517
1,1,1,1,1,0,1,0,1,0,1,0,1,1,0,0 : 247.517
1,1,0,1,0,0,1,1,1,1,0,0,1,1,0,0 : 247.517
1,1,1,1,0,0,0,1,1,0,1,0,1,1,0,0 : 247.517
1,1,0,1,1,0,1,0,1,1,0,0,1,1,0,0 : 247.517
1,1,1,1,1,0,1,1,1,0,1,0,1,1,0,0 : 247.517
1,1,1,1,1,0,1,0,1,0,0,1,1,1,0,0 : 247.517
1,1,0,1,1,0,1,0,1,1,0,0,1,1,0,0 : 247.517
1,1,0,1,1,0,1,1,1,1,0,0,1,1,0,0 : 247.517
1,1,1,1,1,0,1,1,1,1,0,0,1,1,0,0 : 247.517
1,1,0,1,1,0,0,1,1,1,0,0,1,1,0,0 : 247.517
1,1,0,1,0,0,1,1,1,1,0,0,1,1,0,0 : 247.517
1,1,1,1,0,0,0,1,1,0,1,0,1,1,0,0 : 247.517
1,1,0,1,0,0,0,1,1,0,1,0,1,1,0,0 : 247.517
1,1,1,1,0,0,1,1,1,0,1,0,1,1,0,0 : 247.517
1,1,1,1,0,0,1,1,1,0,1,0,1,1,0,0 : 247.517
1,1,0,1,1,0,0,0,1,0,1,0,1,1,0,0 : 247.517
1,1,0,1,0,0,1,1,1,1,0,0,1,1,0,0 : 247.517
1,1,0,1,1,0,1,1,1,1,0,0,1,1,0,0 : 247.517
1,1,0,1,0,0,1,1,1,1,0,0,1,1,0,0 : 247.517
1,1,1,1,0,0,1,1,1,0,1,0,1,1,0,0 : 247.517
1,1,0,1,0,0,1,1,1,1,0,0,1,1,0,0 : 247.517
1,1,1,1,0,0,0,1,1,0,1,0,1,1,0,0 : 247.517
1,1,0,1,1,0,1,1,1,1,0,0,1,1,0,0 : 247.517
1,1,1,1,0,0,0,1,1,1,0,0,1,1,0,0 : 247.517
1,1,0,1,0,0,1,0,1,1,0,0,1,1,0,0 : 247.517
1,1,0,1,0,0,0,1,1,0,1,0,1,1,0,0 : 247.517
1,1,0,1,0,0,0,1,1,1,0,0,1,1,0,0 : 247.517
1,1,1,1,1,0,0,0,1,0,0,1,1,1,0,0 : 247.517
1,1,1,1,1,0,1,0,1,1,0,0,1,1,0,0 : 247.517
1,1,0,1,1,0,1,0,1,1,0,0,1,1,0,0 : 247.517
1,1,0,1,1,0,0,1,1,1,0,0,1,1,0,0 : 247.517
1,1,0,1,0,0,1,1,1,1,0,0,1,1,0,0 : 247.517
1,1,1,1,0,0,0,1,1,0,1,0,1,1,0,0 : 247.517
1,1,0,1,0,0,1,1,1,1,0,0,1,1,0,0 : 247.517
1,1,1,1,1,0,0,1,1,0,1,0,1,1,0,0 : 247.517
1,1,0,1,1,0,1,1,1,1,0,0,1,1,0,0 : 247.517
1,1,1,1,0,0,1,1,1,0,1,0,1,1,0,0 : 247.517
1,1,1,1,0,0,1,0,1,0,1,0,1,1,0,0 : 247.517
1,1,1,1,1,0,0,0,1,0,1,0,1,1,0,0 : 247.517
1,1,1,1,1,0,0,0,1,0,0,1,1,1,0,0 : 247.517
1,1,0,1,1,0,1,1,1,1,0,0,1,1,0,0 : 247.517
1,1,0,1,1,0,0,0,1,1,0,0,1,1,0,0 : 247.517
1,1,0,1,1,0,0,1,1,0,1,0,1,1,0,0 : 247.517
1,1,0,1,1,0,0,0,1,1,0,0,1,1,0,0 : 247.517
1,1,1,1,1,0,0,1,1,0,1,0,1,1,0,0 : 247.517
1,1,0,1,0,0,1,1,1,1,0,0,1,1,0,0 : 247.517
1,1,1,1,0,0,1,0,1,1,0,0,1,1,0,0 : 247.517
1,1,0,1,0,0,0,1,1,0,1,0,1,1,0,0 : 247.517
1,1,0,1,0,0,0,1,1,0,1,0,1,1,0,0 : 247.517
1,1,0,1,1,0,0,0,1,0,1,0,1,1,0,0 : 247.517
1,1,1,1,1,0,0,0,1,0,1,0,1,1,0,0 : 247.517
1,1,0,1,0,0,1,1,1,1,0,0,1,1,0,0 : 247.517
1,1,0,1,0,0,1,0,1,1,0,0,1,1,0,0 : 247.517
1,1,0,1,0,0,1,1,1,0,1,0,1,1,0,0 : 247.517
1,1,0,1,0,0,1,1,1,1,0,0,1,1,0,0 : 247.517
1,1,0,1,1,0,0,1,1,1,0,0,1,1,0,0 : 247.517
1,1,0,1,0,0,0,1,1,1,0,0,1,1,0,0 : 247.517
1,1,0,1,0,0,0,1,1,0,1,0,1,1,0,0 : 247.517
1,1,0,1,1,0,0,0,1,0,1,0,1,1,0,0 : 247.517
