1,1,1,1,1,0,1,1,1,1,0,0,1,1,0,0 : 247.517
1,1,0,1,0,0,1,1,1,0,0,1,1,1,0,0 : 247.517
1,1,0,1,0,0,1,1,1,0,0,1,1,1,0,0 : 247.517
1,1,0,1,0,0,1,1,1,0,0,1,1,1,0,0 : 247.517
1,1,1,1,1,0,0,1,1,0,0,1,1,1,0,0 : 247.517
1,1,0,1,0,0,0,1,1,0,0,1,1,1,0,0 : 247.517
1,1,1,1,0,0,1,0,1,0,0,1,1,1,0,0 : 247.517
1,1,0,1,0,0,0,1,1,0,0,1,1,1,0,0 : 247.517
1,1,0,1,0,0,1,1,1,0,0,1,1,1,0,0 : 247.517
1,1,1,1,0,0,1,0,1,0,0,1,1,1,0,0 : 247.517
1,1,1,1,0,0,1,0,1,1,0,0,1,1,0,0 : 247.517
1,1,0,1,0,0,1,1,1,0,0,1,1,1,0,0 : 247.517
1,1,0,1,0,0,1,1,1,0,0,1,1,1,0,0 : 247.517
1,1,0,1,0,0,1,1,1,0,0,1,1,1,0,0 : 247.517
1,1,1,1,0,0,1,0,1,0,0,1,1,1,0,0 : 247.517
1,1,0,1,1,0,1,0,1,1,0,0,1,1,0,0 : 247.517
1,1,1,1,0,0,1,1,1,0,0,1,1,1,0,0 : 247.517
1,1,1,1,1,0,0,1,1,0,0,1,1,1,0,0 : 247.517
1,1,0,1,0,0,1,1,1,0,0,1,1,1,0,0 : 247.517
1,1,1,1,0,0,0,0,1,0,0,1,1,1,0,0 : 247.517
1,1,0,1,0,0,1,1,1,0,0,1,1,1,0,0 : 247.517
1,1,0,1,0,0,1,1,1,0,0,1,1,1,0,0 : 247.517
1,1,1,1,0,0,0,0,1,1,0,0,1,1,0,0 : 247.517
1,1,0,1,1,0,1,1,1,0,0,1,1,1,0,0 : 247.517
1,1,1,1,0,0,1,0,1,0,0,1,1,1,0,0 : 247.517
1,1,1,1,1,0,1,1,1,1,0,0,1,1,0,0 : 247.517
1,1,0,1,0,0,1,1,1,0,0,1,1,1,0,0 : 247.517
1,1,0,1,0,0,1,1,1,0,0,1,1,1,0,0 : 247.517
1,1,0,1,0,0,1,1,1,0,0,1,1,1,0,0 : 247.517
1,1,1,1,1,0,0,1,1,0,0,1,1,1,0,0 : 247.517
1,1,0,1,0,0,0,1,1,0,0,1,1,1,0,0 : 247.517
1,1,1,1,0,0,1,0,1,0,0,1,1,1,0,0 : 247.517
1,1,0,1,0,0,0,1,1,0,0,1,1,1,0,0 : 247.517
1,1,0,1,0,0,1,1,1,0,0,1,1,1,0,0 : 247.517
1,1,1,1,0,0,1,0,1,0,0,1,1,1,0,0 : 247.517
1,1,1,1,0,0,1,0,1,1,0,0,1,1,0,0 : 247.517
1,1,0,1,0,0,1,1,1,0,0,1,1,1,0,0 : 247.517
1,1,0,1,0,0,1,1,1,0,0,1,1,1,0,0 : 247.517
1,1,0,1,0,0,1,1,1,0,0,1,1,1,0,0 : 247.517
1,1,1,1,0,0,1,0,1,0,0,1,1,1,0,0 : 247.517
1,1,0,1,1,0,1,0,1,1,0,0,1,1,0,0 : 247.517
1,1,1,1,0,0,1,1,1,0,0,1,1,1,0,0 : 247.517
1,1,1,1,1,0,0,1,1,0,0,1,1,1,0,0 : 247.517
1,1,0,1,0,0,1,1,1,0,0,1,1,1,0,0 : 247.517
1,1,1,1,0,0,0,0,1,0,0,1,1,1,0,0 : 247.517
1,1,0,1,0,0,1,1,1,0,0,1,1,1,0,0 : 247.517
1,1,0,1,0,0,1,1,1,0,0,1,1,1,0,0 : 247.517
1,1,1,1,0,0,0,0,1,1,0,0,1,1,0,0 : 247.517
1,1,0,1,1,0,1,1,1,0,0,1,1,1,0,0 : 247.517
1,1,1,1,0,0,1,0,1,0,0,1,1,1,0,0 : 247.517
1,1,1,0,1,0,1,0,1,0,0,1,1,1,0,0 : 253.127
1,1,1,0,1,0,1,0,1,0,0,1,1,1,0,0 : 253.127
1,1,1,0,0,0,1,0,1,0,1,0,1,1,0,0 : 256.82
1,1,1,0,1,0,1,0,1,0,1,0,1,1,0,0 : 256.82
1,1,1,0,1,0,1,0,1,0,1,0,1,1,0,0 : 256.82
1,1,1,0,1,0,1,0,1,0,1,0,1,1,0,0 : 256.82
1,1,1,0,1,0,1,0,1,0,1,0,1,1,0,0 : 256.82
1,1,1,0,1,0,1,0,1,0,1,0,1,1,0,0 : 256.82
1,1,1,0,1,0,1,0,1,0,1,0,1,1,0,0 : 256.82
1,1,1,0,1,0,1,0,1,0,1,0,1,1,0,0 : 256.82
1,1,1,0,1,0,0,0,1,0,1,0,1,1,0,0 : 256.82
1,1,1,0,0,0,1,0,1,0,1,0,1,1,0,0 : 256.82
1,1,1,0,1,0,0,0,1,0,1,0,1,1,0,0 : 256.82
1,1,1,0,1,0,1,0,1,0,1,0,1,1,0,0 : 256.82
1,1,1,0,1,0,1,0,1,0,1,0,1,1,0,0 : 256.82
1,1,1,0,0,0,0,0,1,0,1,0,1,1,0,0 : 256.82
1,1,1,0,1,0,1,0,1,0,1,0,1,1,0,0 : 256.82
1,1,1,0,1,0,1,0,1,0,1,0,1,1,0,0 : 256.82
1,1,1,0,1,0,1,0,1,0,1,0,1,1,0,0 : 256.82
1,1,1,0,0,0,1,0,1,0,1,0,1,1,0,0 : 256.82
1,1,1,0,1,0,1,0,1,0,1,0,1,1,0,0 : 256.82
1,1,1,0,1,0,1,0,1,0,1,0,1,1,0,0 : 256.82
1,1,1,0,1,0,1,0,1,0,1,0,1,1,0,0 : 256.82
1,1,1,0,1,0,1,0,1,0,1,0,1,1,0,0 : 256.82
1,1,1,0,1,0,1,0,1,0,1,0,1,1,0,0 : 256.82
1,1,1,0,1,0,1,0,1,0,1,0,1,1,0,0 : 256.82
1,1,1,0,1,0,1,0,1,0,1,0,1,1,0,0 : 256.82
1,1,1,0,1,0,0,0,1,0,1,0,1,1,0,0 : 256.82
1,1,1,0,0,0,1,0,1,0,1,0,1,1,0,0 : 256.82
1,1,1,0,1,0,0,0,1,0,1,0,1,1,0,0 : 256.82
1,1,1,0,1,0,1,0,1,0,1,0,1,1,0,0 : 256.82
1,1,1,0,1,0,1,0,1,0,1,0,1,1,0,0 : 256.82
1,1,1,0,0,0,0,0,1,0,1,0,1,1,0,0 : 256.82
1,1,1,0,1,0,1,0,1,0,1,0,1,1,0,0 : 256.82
1,1,1,0,1,0,1,0,1,0,1,0,1,1,0,0 : 256.82
1,1,1,0,1,0,1,0,1,0,1,0,1,1,0,0 : 256.82
1,0,1,0,1,0,0,1,1,1,0,0,1,1,0,0 : 266.527
1,0,1,0,1,0,0,1,1,1,0,0,1,1,0,0 : 266.527
1,0,1,0,1,0,0,1,1,1,0,0,1,1,0,0 : 266.527
1,0,1,0,1,0,0,1,1,1,0,0,1,1,0,0 : 266.527
1,0,0,1,0,0,1,0,1,0,1,0,1,1,0,0 : 271.4169
1,0,1,0,0,0,1,1,1,0,0,1,1,1,0,0 : 271.4169
1,0,0,0,0,0,1,0,1,0,0,1,1,1,0,0 : 271.4169
1,0,1,0,0,0,0,0,1,0,0,1,1,1,0,0 : 271.4169
1,0,0,0,0,0,1,0,1,0,0,1,1,1,0,0 : 271.4169
1,0,0,1,0,0,1,1,1,0,0,1,1,1,0,0 : 271.4169
1,0,1,0,0,0,1,1,1,0,0,1,1,1,0,0 : 271.4169
1,0,1,0,0,0,1,0,1,0,1,0,1,1,0,0 : 271.4169
1,0,1,1,0,0,1,1,1,0,0,1,1,1,0,0 : 271.4169
1,0,1,0,0,0,1,0,1,0,1,0,1,1,0,0 : 271.4169
