1,1,1,0,0,0,1,0,1,1,0,0,1,0,0,1 : 497.37
1,1,0,1,1,0,1,0,1,0,1,0,1,1,0,0 : 247.517
1,1,0,1,0,1,1,0,1,1,0,0,1,1,0,0 : 291.673
1,1,0,1,0,0,1,0,1,1,0,0,1,1,0,0 : 247.517
1,0,1,1,0,0,1,1,1,0,0,1,1,1,0,0 : 271.4169
1,1,0,1,0,0,0,0,1,1,0,0,1,0,1,0 : 361.7029
1,0,0,1,0,0,1,1,1,0,0,1,1,0,0,1 : 510.017
1,1,1,1,0,0,1,0,1,1,0,0,1,0,0,1 : 497.37
1,1,0,0,0,1,1,1,1,0,1,0,1,0,1,0 : 408.8399
1,1,1,1,1,0,1,1,1,0,1,0,1,1,0,0 : 247.517
1,1,0,0,0,0,0,0,1,1,0,0,1,1,0,0 : 254.733
1,0,1,1,0,0,1,0,1,0,1,0,1,1,0,0 : 271.4169
1,1,1,1,0,0,1,0,1,0,0,1,1,1,0,0 : 247.517
1,0,0,0,0,0,1,0,1,0,0,1,1,0,0,1 : 506.88
1,1,1,1,1,0,0,1,1,0,1,0,1,1,0,0 : 247.517
1,1,0,0,0,0,1,0,1,0,1,0,1,0,1,0 : 427.07
1,1,1,1,1,0,0,1,1,0,0,1,1,1,0,0 : 247.517
1,1,0,1,1,0,0,0,1,0,0,1,1,1,0,0 : 247.517
1,1,0,1,0,0,1,0,1,0,1,0,1,0,1,0 : 427.07
1,0,0,0,0,0,1,1,1,0,0,1,1,0,0,1 : 506.88
1,1,0,0,0,0,0,1,1,1,0,0,1,0,1,0 : 361.7029
1,1,1,1,1,0,0,1,1,0,0,1,1,1,0,0 : 247.517
1,1,1,0,0,0,1,1,1,0,1,0,1,1,0,0 : 256.82
1,0,0,0,0,1,1,1,1,0,1,0,1,0,1,0 : 408.8399
1,1,1,1,0,1,1,1,1,1,0,0,1,0,0,1 : 561.96
1,1,0,1,1,0,1,1,1,1,0,0,1,1,0,0 : 247.517
1,0,1,0,0,0,1,1,1,0,0,1,1,0,1,0 : 447.627
1,1,0,0,0,0,1,1,1,0,1,0,1,0,0,1 : 497.37
1,1,1,1,0,0,1,0,1,0,1,0,1,0,1,0 : 419.82
1,1,1,0,0,0,1,0,1,0,0,1,1,1,0,0 : 254.733
1,0,1,0,0,0,0,0,1,0,1,0,1,0,1,0 : 418.563
1,1,1,1,1,0,1,0,1,1,0,0,1,1,0,0 : 247.517
1,1,1,0,0,0,0,0,1,0,1,0,1,0,1,0 : 418.563
1,1,1,0,0,0,0,0,1,0,1,0,1,0,1,0 : 418.563
1,1,1,1,0,0,0,1,1,0,0,1,1,1,0,0 : 247.517
1,1,1,0,0,1,1,0,1,0,0,1,1,0,1,0 : 408.8399
1,0,1,1,1,0,1,1,1,0,0,1,1,0,1,0 : 426.443
1,0,0,1,0,0,1,1,1,1,0,0,1,0,1,0 : 361.7029
1,1,1,1,0,0,1,1,1,0,0,1,1,1,0,0 : 247.517
1,1,1,0,0,0,1,1,1,1,0,0,1,0,0,1 : 497.37
1,1,1,1,1,0,1,1,1,1,0,0,1,1,0,0 : 247.517
1,1,1,1,0,1,1,0,1,0,1,0,1,0,0,1 : 561.96
1,1,1,0,1,0,1,0,1,0,0,1,1,0,1,0 : 426.443
1,0,1,1,1,0,1,1,1,0,0,1,1,0,1,0 : 426.443
1,0,1,0,0,0,0,1,1,1,0,0,1,0,1,0 : 361.7029
1,0,0,1,0,0,0,0,1,0,0,1,1,0,1,0 : 447.627
1,1,0,1,0,1,1,1,1,0,1,0,1,0,1,0 : 408.8399
1,1,0,1,0,0,1,1,1,0,1,0,1,1,0,0 : 247.517
1,1,1,1,0,0,1,1,1,1,0,0,1,0,0,1 : 497.37
1,1,1,1,1,0,1,0,1,0,0,1,1,1,0,0 : 247.517
1,0,1,1,0,1,0,0,1,0,0,1,1,1,0,0 : 305.383
1,1,1,0,1,1,0,0,1,1,0,0,1,0,1,0 : 543.217
1,1,1,0,0,0,1,0,1,0,1,0,1,1,0,0 : 256.82
1,1,1,1,0,0,0,1,1,0,0,1,1,1,0,0 : 247.517
1,1,0,0,1,0,0,1,1,0,0,1,1,1,0,0 : 253.01
1,0,1,0,0,0,1,1,1,0,0,1,1,1,0,0 : 271.4169
1,0,0,0,0,0,1,1,1,0,1,0,1,0,0,1 : 506.88
1,0,0,1,0,1,1,1,1,0,1,0,1,0,1,0 : 408.8399
1,1,0,0,1,0,1,1,1,0,0,1,1,1,0,0 : 253.127
1,1,0,0,0,0,0,0,1,1,0,0,1,0,1,0 : 361.7029
1,1,0,1,0,0,1,1,1,1,0,0,1,1,0,0 : 247.517
1,1,1,0,0,0,0,1,1,0,1,0,1,0,1,0 : 418.563
1,0,1,0,1,0,1,0,1,1,0,0,1,1,0,0 : 266.483
1,1,1,0,0,0,0,1,1,1,0,0,1,1,0,0 : 254.733
1,1,0,1,0,0,1,1,1,0,1,0,1,1,0,0 : 247.517
1,1,1,0,0,0,1,1,1,0,1,0,1,0,1,0 : 418.563
1,1,1,0,0,0,0,0,1,1,0,0,1,1,0,0 : 254.733
1,1,1,1,1,0,0,1,1,0,1,0,1,1,0,0 : 247.517
1,0,0,1,0,0,0,1,1,1,0,0,1,0,0,1 : 584.82
1,0,1,1,0,1,1,1,1,0,0,1,1,0,1,0 : 408.8399
1,1,0,0,1,0,0,0,1,0,0,1,1,1,0,0 : 253.01
1,1,0,1,0,0,0,1,1,1,0,0,1,0,1,0 : 361.7029
1,0,0,0,0,0,1,0,1,1,0,0,1,0,1,0 : 361.7029
1,0,1,0,0,0,1,1,1,0,1,0,1,0,1,0 : 418.563
1,0,0,1,0,1,0,0,1,0,0,1,1,0,1,0 : 521.7
1,1,0,1,1,0,0,1,1,0,1,0,1,1,0,0 : 247.517
1,0,1,1,0,1,1,1,1,0,1,0,1,0,1,0 : 408.8399
1,1,1,1,1,0,1,1,1,0,0,1,1,1,0,0 : 247.517
1,1,1,1,0,0,1,0,1,1,0,0,1,1,0,0 : 247.517
1,1,1,1,0,0,0,1,1,0,0,1,1,1,0,0 : 247.517
1,0,1,0,1,0,1,1,1,0,0,1,1,0,1,0 : 426.443
1,1,1,0,0,0,0,1,1,1,0,0,1,0,0,1 : 584.82
1,1,0,0,1,0,1,0,1,0,0,1,1,0,1,0 : 426.443
1,0,1,1,0,0,0,1,1,0,1,0,1,1,0,0 : 271.4169
1,1,1,1,1,0,1,0,1,0,1,0,1,1,0,0 : 247.517
1,1,0,1,1,0,1,0,1,0,0,1,1,1,0,0 : 247.517
1,1,1,1,1,1,1,0,1,0,1,0,1,0,0,1 : 652.467
1,1,1,1,0,1,1,0,1,0,0,1,1,0,1,0 : 408.8399
1,1,1,1,0,0,1,1,1,0,1,0,1,0,1,0 : 419.82
1,0,1,0,0,0,1,1,1,0,1,0,1,0,0,1 : 506.88
1,1,0,1,0,0,1,1,1,0,1,0,1,1,0,0 : 247.517
1,0,1,0,0,0,1,1,1,1,0,0,1,0,1,0 : 361.7029
1,0,0,1,0,0,1,1,1,1,0,0,1,0,1,0 : 361.7029
1,1,1,1,0,1,1,0,1,0,0,1,1,0,0,1 : 561.96
1,0,1,1,0,0,1,1,1,1,0,0,1,0,1,0 : 361.7029
1,0,1,1,0,0,1,0,1,1,0,0,1,0,1,0 : 361.7029
1,1,0,1,1,0,0,1,1,0,0,1,1,1,0,0 : 247.517
1,1,1,1,1,0,1,0,1,0,1,0,1,1,0,0 : 247.517
1,1,1,0,0,0,1,0,1,1,0,0,1,0,0,1 : 497.37
1,1,0,0,0,0,1,0,1,0,1,0,1,0,0,1 : 497.37
