1,1,0,1,1,0,1,1,1,1,0,0,1,1,0,0 : 247.517
1,1,1,1,1,0,1,0,1,0,1,0,1,1,0,0 : 247.517
1,1,0,1,1,0,1,1,1,1,0,0,1,1,0,0 : 247.517
1,1,1,1,1,0,1,0,1,0,1,0,1,1,0,0 : 247.517
1,1,0,1,0,0,1,1,1,0,1,0,1,1,0,0 : 247.517
1,1,0,1,1,0,1,1,1,1,0,0,1,1,0,0 : 247.517
1,1,1,1,1,0,1,0,1,0,1,0,1,1,0,0 : 247.517
1,1,0,1,1,0,1,1,1,1,0,0,1,1,0,0 : 247.517
1,1,1,1,1,0,1,0,1,0,1,0,1,1,0,0 : 247.517
1,1,0,1,0,0,1,1,1,0,1,0,1,1,0,0 : 247.517
1,1,0,0,0,0,0,1,1,0,0,1,1,1,0,0 : 254.733
1,1,0,0,0,0,0,1,1,0,0,1,1,1,0,0 : 254.733
1,1,1,0,1,0,1,1,1,0,1,0,1,1,0,0 : 256.82
1,1,0,0,1,0,0,1,1,0,1,0,1,1,0,0 : 256.82
1,1,1,0,1,0,1,1,1,0,1,0,1,1,0,0 : 256.82
1,1,0,0,1,0,0,0,1,0,1,0,1,1,0,0 : 256.82
1,1,1,0,1,0,1,1,1,0,1,0,1,1,0,0 : 256.82
1,1,0,0,1,0,0,1,1,0,1,0,1,1,0,0 : 256.82
1,1,1,0,1,0,1,1,1,0,1,0,1,1,0,0 : 256.82
1,1,0,0,1,0,0,0,1,0,1,0,1,1,0,0 : 256.82
1,0,0,1,1,0,1,1,1,1,0,0,1,1,0,0 : 266.527
1,0,0,1,1,0,1,1,1,1,0,0,1,1,0,0 : 266.527
1,0,0,1,0,0,1,0,1,0,1,0,1,1,0,0 : 271.4169
1,0,1,0,0,0,1,1,1,0,0,1,1,1,0,0 : 271.4169
1,0,0,1,0,0,1,0,1,0,1,0,1,1,0,0 : 271.4169
1,0,0,1,0,0,1,0,1,0,1,0,1,1,0,0 : 271.4169
1,0,1,0,0,0,1,1,1,0,0,1,1,1,0,0 : 271.4169
1,0,0,1,0,0,1,0,1,0,1,0,1,1,0,0 : 271.4169
1,0,1,0,1,0,0,0,1,0,1,0,1,1,0,0 : 279.357
1,0,1,1,1,0,0,1,1,0,1,0,1,1,0,0 : 279.357
1,0,1,1,1,0,0,1,1,0,1,0,1,1,0,0 : 279.357
1,0,1,0,1,0,0,0,1,0,1,0,1,1,0,0 : 279.357
1,0,1,1,1,0,0,1,1,0,1,0,1,1,0,0 : 279.357
1,0,1,1,1,0,0,1,1,0,1,0,1,1,0,0 : 279.357
1,1,0,1,1,1,1,1,1,1,0,0,1,1,0,0 : 291.673
1,1,0,0,0,1,1,1,1,0,1,0,1,1,0,0 : 291.673
1,1,0,0,0,1,1,1,1,0,1,0,1,1,0,0 : 291.673
1,1,0,1,1,1,1,1,1,1,0,0,1,1,0,0 : 291.673
1,1,0,0,0,1,1,1,1,0,1,0,1,1,0,0 : 291.673
1,1,0,0,0,1,1,1,1,0,1,0,1,1,0,0 : 291.673
1,0,1,1,0,1,1,0,1,0,0,1,1,1,0,0 : 305.383
1,0,1,1,0,1,1,0,1,0,0,1,1,1,0,0 : 305.383
1,0,1,1,0,1,1,0,1,0,0,1,1,1,0,0 : 305.383
1,0,1,0,0,1,0,1,1,1,0,0,1,1,0,0 : 305.383
1,0,0,1,0,1,0,1,1,0,1,0,1,1,0,0 : 305.383
1,0,1,1,0,1,1,0,1,0,0,1,1,1,0,0 : 305.383
1,0,1,1,0,1,1,0,1,0,0,1,1,1,0,0 : 305.383
1,0,1,1,0,1,1,0,1,0,0,1,1,1,0,0 : 305.383
1,0,1,0,0,1,0,1,1,1,0,0,1,1,0,0 : 305.383
1,0,0,1,0,1,0,1,1,0,1,0,1,1,0,0 : 305.383
1,0,1,0,1,1,0,1,1,1,0,0,1,1,0,0 : 310.29
1,0,0,0,1,1,1,0,1,0,0,1,1,1,0,0 : 310.29
1,0,0,0,1,1,1,0,1,0,0,1,1,1,0,0 : 310.29
1,0,1,0,1,1,0,1,1,1,0,0,1,1,0,0 : 310.29
1,0,0,0,1,1,1,0,1,0,0,1,1,1,0,0 : 310.29
1,0,0,0,1,1,1,0,1,0,0,1,1,1,0,0 : 310.29
1,0,0,0,1,1,0,1,1,0,1,0,1,1,0,0 : 310.697
1,0,0,0,1,1,0,1,1,0,1,0,1,1,0,0 : 310.697
1,0,1,1,0,0,1,1,1,1,0,0,1,0,1,0 : 361.7029
1,1,1,1,0,0,0,0,1,1,0,0,1,0,1,0 : 361.7029
1,0,1,0,0,0,1,1,1,1,0,0,1,0,1,0 : 361.7029
1,0,1,1,0,0,1,1,1,1,0,0,1,0,1,0 : 361.7029
1,1,1,1,0,0,0,0,1,1,0,0,1,0,1,0 : 361.7029
1,0,1,0,0,0,1,1,1,1,0,0,1,0,1,0 : 361.7029
1,0,0,0,0,1,1,1,1,0,1,0,1,0,1,0 : 408.8399
1,0,0,0,0,1,1,1,1,0,1,0,1,0,1,0 : 408.8399
1,1,1,0,0,0,0,0,1,0,1,0,1,0,1,0 : 418.563
1,1,1,0,0,0,0,0,1,0,1,0,1,0,1,0 : 418.563
1,1,1,0,0,0,0,0,1,0,1,0,1,0,1,0 : 418.563
1,1,1,0,0,0,0,0,1,0,1,0,1,0,1,0 : 418.563
1,0,1,1,1,0,1,1,1,0,0,1,1,0,1,0 : 426.443
1,0,1,1,1,0,1,1,1,0,0,1,1,0,1,0 : 426.443
1,1,1,1,1,0,1,1,1,0,0,1,1,0,1,0 : 426.443
1,0,1,1,1,0,1,1,1,0,0,1,1,0,1,0 : 426.443
1,0,1,1,1,0,1,1,1,0,0,1,1,0,1,0 : 426.443
1,1,1,1,1,0,1,1,1,0,0,1,1,0,1,0 : 426.443
1,0,0,1,0,0,1,1,1,0,1,0,1,0,1,0 : 427.07
1,0,0,1,0,0,1,1,1,0,1,0,1,0,1,0 : 427.07
1,1,0,0,1,0,1,1,1,0,1,0,1,0,1,0 : 445.457
1,1,1,0,1,0,1,0,1,0,1,0,1,0,1,0 : 445.457
1,0,0,0,1,0,1,1,1,0,1,0,1,0,1,0 : 445.457
1,1,0,1,1,0,1,0,1,0,1,0,1,0,1,0 : 445.457
1,1,0,0,1,0,1,1,1,0,1,0,1,0,1,0 : 445.457
1,1,1,0,1,0,1,0,1,0,1,0,1,0,1,0 : 445.457
1,0,0,0,1,0,1,1,1,0,1,0,1,0,1,0 : 445.457
1,1,0,1,1,0,1,0,1,0,1,0,1,0,1,0 : 445.457
1,0,1,0,0,0,0,1,1,0,0,1,1,0,1,0 : 447.627
1,0,1,0,0,0,0,1,1,0,0,1,1,0,1,0 : 447.627
1,1,1,1,1,1,1,0,1,0,0,1,1,0,1,0 : 476.31
1,1,1,1,1,1,1,0,1,0,0,1,1,0,1,0 : 476.31
1,1,1,1,1,1,1,0,1,0,0,1,1,0,1,0 : 476.31
1,1,1,1,1,1,1,0,1,0,0,1,1,0,1,0 : 476.31
1,0,0,0,1,1,1,1,1,0,1,0,1,0,1,0 : 482.083
1,0,0,0,1,1,1,0,1,0,0,1,1,0,1,0 : 482.083
1,1,0,1,1,1,1,1,1,0,1,0,1,0,1,0 : 482.083
1,0,0,0,1,1,1,0,1,0,1,0,1,0,1,0 : 482.083
1,0,0,0,1,1,1,1,1,0,0,1,1,0,1,0 : 482.083
1,0,0,1,1,1,1,1,1,1,0,0,1,0,1,0 : 482.083
1,0,0,0,1,1,1,1,1,0,1,0,1,0,1,0 : 482.083
1,0,0,0,1,1,1,0,1,0,0,1,1,0,1,0 : 482.083
