1,1,1,0,0,0,1,0,1,1,0,0,1,0,0,1 : 497.37
1,1,0,1,1,0,1,0,1,0,1,0,1,0,1,0 : 445.457
1,0,1,0,0,0,1,0,1,0,1,0,1,0,1,0 : 418.563
1,1,0,1,1,0,1,0,1,0,0,1,1,0,1,0 : 426.443
1,0,1,1,0,1,0,1,1,0,0,1,1,1,0,0 : 305.383
1,1,0,1,1,0,1,0,1,1,0,0,1,0,1,0 : 426.443
1,0,0,0,1,0,1,1,1,0,0,1,1,0,0,1 : 629.337
1,1,1,1,0,0,1,0,1,1,0,0,1,0,0,1 : 497.37
1,1,0,0,0,1,1,1,1,0,1,0,1,0,0,1 : 561.96
1,0,1,0,1,0,1,1,1,0,1,0,1,1,0,0 : 279.357
1,1,0,0,0,0,0,1,1,0,1,0,1,1,0,0 : 256.82
1,1,1,0,0,0,0,0,1,0,0,1,1,0,1,0 : 447.627
1,0,1,1,0,0,0,0,1,0,0,1,1,0,1,0 : 447.627
1,0,0,0,0,0,1,0,1,0,0,1,1,0,0,1 : 506.88
1,1,1,1,1,0,0,1,1,0,1,0,1,1,0,0 : 247.517
1,0,1,0,0,0,1,0,1,0,1,0,1,0,0,1 : 506.88
1,0,1,0,0,0,1,1,1,0,0,1,1,1,0,0 : 271.4169
1,1,0,0,1,1,0,0,1,0,0,1,1,1,0,0 : 287.05
1,1,1,1,1,0,1,0,1,0,1,0,1,0,1,0 : 445.457
1,1,0,1,1,0,0,1,1,0,0,1,1,0,0,1 : 712.953
1,1,0,0,1,0,1,0,1,1,0,0,1,0,1,0 : 426.443
1,0,1,0,0,0,1,1,1,1,0,0,1,1,0,0 : 266.527
1,1,1,0,1,1,0,1,1,0,1,0,1,1,0,0 : 279.247
1,0,0,0,0,1,1,1,1,0,1,0,1,0,1,0 : 408.8399
1,1,1,1,1,0,1,1,1,1,0,0,1,1,0,0 : 247.517
1,0,0,1,1,0,1,1,1,1,0,0,1,1,0,0 : 266.527
1,1,1,0,0,0,1,1,1,0,0,1,1,1,0,0 : 254.733
1,1,0,0,0,0,1,1,1,0,1,0,1,0,0,1 : 497.37
1,1,1,1,1,0,1,0,1,0,1,0,1,0,1,0 : 445.457
1,0,1,1,1,0,1,0,1,0,0,1,1,1,0,0 : 279.357
1,0,1,0,0,0,1,0,1,0,1,0,1,0,1,0 : 418.563
1,1,1,1,1,0,1,0,1,1,0,0,1,1,0,0 : 247.517
1,1,0,0,1,0,1,1,1,0,0,1,1,0,1,0 : 426.443
1,1,1,0,0,0,0,0,1,0,1,0,1,0,1,0 : 418.563
1,0,1,1,0,1,1,1,1,0,0,1,1,1,0,0 : 305.383
1,1,1,0,0,1,0,0,1,0,0,1,1,0,1,0 : 512.773
1,1,0,1,0,0,1,0,1,0,0,1,1,0,1,0 : 447.627
1,1,1,1,1,1,1,1,1,0,1,0,1,1,0,0 : 279.193
1,1,1,0,0,0,0,1,1,0,0,1,1,1,0,0 : 254.733
1,1,1,0,0,1,1,1,1,0,0,1,1,0,0,1 : 561.96
1,1,0,1,0,0,1,1,1,1,0,0,1,1,0,0 : 247.517
1,1,1,1,0,1,1,0,1,0,1,0,1,0,0,1 : 561.96
1,0,1,1,0,1,1,0,1,0,0,1,1,0,0,1 : 576.277
1,0,1,1,1,0,1,1,1,0,0,1,1,0,1,0 : 426.443
1,1,0,1,0,0,1,1,1,1,0,0,1,1,0,0 : 247.517
1,0,0,1,1,0,0,1,1,0,0,1,1,0,0,1 : 731.76
1,0,0,0,1,0,0,1,1,0,1,0,1,1,0,0 : 279.357
1,0,1,1,1,1,1,0,1,0,1,0,1,0,1,0 : 476.31
1,0,1,1,0,0,1,1,1,1,0,0,1,0,0,1 : 510.017
1,1,1,1,1,1,1,0,1,0,0,1,1,1,0,0 : 279.247
1,1,1,1,1,1,0,0,1,0,0,1,1,1,0,0 : 279.247
1,1,0,0,1,1,1,0,1,1,0,0,1,0,1,0 : 482.083
1,0,1,0,0,0,1,0,1,0,1,0,1,1,0,0 : 271.4169
1,0,1,0,0,1,1,0,1,0,0,1,1,0,1,0 : 408.8399
1,1,0,0,0,0,0,1,1,0,0,1,1,0,1,0 : 447.627
1,0,1,0,0,0,1,1,1,0,0,1,1,1,0,0 : 271.4169
1,0,0,0,0,0,1,1,1,0,1,0,1,0,0,1 : 506.88
1,0,0,1,0,1,1,1,1,0,1,0,1,0,1,0 : 408.8399
1,0,1,1,1,1,1,1,1,0,0,1,1,0,1,0 : 476.31
1,0,0,1,1,0,1,1,1,1,0,0,1,0,0,1 : 609.8869
1,1,1,1,1,1,1,0,1,1,0,0,1,1,0,0 : 279.193
1,0,1,0,0,1,0,1,1,0,1,0,1,0,1,0 : 492.353
1,0,0,1,1,0,1,1,1,1,0,0,1,1,0,0 : 266.527
1,1,1,1,0,1,0,1,1,1,0,0,1,1,0,0 : 275.4169
1,0,0,1,0,0,1,0,1,0,1,0,1,1,0,0 : 271.4169
1,1,0,1,0,1,1,0,1,0,1,0,1,0,1,0 : 408.8399
1,1,1,1,0,0,0,0,1,1,0,0,1,0,1,0 : 361.7029
1,1,1,0,1,0,0,0,1,0,1,0,1,1,0,0 : 256.82
1,1,0,1,1,1,1,1,1,1,0,0,1,0,0,1 : 652.467
1,0,1,1,0,1,0,1,1,0,1,0,1,0,1,0 : 492.353
1,1,0,0,1,0,0,0,1,0,0,1,1,1,0,0 : 253.01
1,1,1,1,1,0,0,1,1,0,0,1,1,0,1,0 : 487.373
1,1,1,0,1,0,1,0,1,0,1,0,1,0,1,0 : 445.457
1,0,0,0,1,1,1,1,1,0,1,0,1,0,1,0 : 482.083
1,0,1,0,1,1,1,0,1,0,1,0,1,0,0,1 : 652.467
1,1,1,1,1,0,1,1,1,0,1,0,1,1,0,0 : 247.517
1,0,0,1,0,1,1,1,1,0,1,0,1,0,1,0 : 408.8399
1,0,0,1,1,0,0,1,1,0,0,1,1,0,0,1 : 731.76
1,1,1,0,0,0,0,0,1,1,0,0,1,1,0,0 : 254.733
1,1,1,1,1,0,1,0,1,1,0,0,1,0,1,0 : 426.443
1,0,1,0,0,0,1,0,1,1,0,0,1,0,1,0 : 361.7029
1,1,1,1,1,1,1,1,1,1,0,0,1,0,0,1 : 652.467
1,0,0,0,0,1,1,0,1,0,0,1,1,0,1,0 : 408.8399
1,0,1,1,1,0,0,1,1,0,1,0,1,1,0,0 : 279.357
1,1,1,1,0,0,1,0,1,0,1,0,1,1,0,0 : 247.517
1,0,1,1,0,0,1,0,1,0,0,1,1,0,0,1 : 510.017
1,1,1,1,1,1,1,0,1,0,1,0,1,0,0,1 : 652.467
1,0,1,0,0,1,1,0,1,0,0,1,1,0,0,1 : 576.277
1,0,1,1,0,0,1,1,1,0,1,0,1,0,1,0 : 419.82
1,0,1,0,0,1,1,1,1,0,1,0,1,0,0,1 : 576.277
1,1,0,1,0,0,1,1,1,0,1,0,1,1,0,0 : 247.517
1,1,1,0,0,0,1,1,1,1,0,0,1,0,0,1 : 497.37
1,1,0,1,1,1,1,0,1,0,1,0,1,1,0,0 : 291.673
1,1,1,1,0,1,1,0,1,0,0,1,1,0,0,1 : 561.96
1,0,1,1,0,0,1,1,1,1,0,0,1,0,1,0 : 361.7029
1,0,1,1,0,1,1,0,1,0,1,0,1,1,0,0 : 305.383
1,0,0,1,1,0,1,0,1,0,0,1,1,0,0,1 : 609.8869
1,0,0,0,1,1,0,1,1,0,1,0,1,1,0,0 : 310.697
1,1,1,0,0,0,1,0,1,1,0,0,1,0,0,1 : 497.37
1,1,0,1,0,0,1,0,1,0,1,0,1,0,0,1 : 497.37
