1,1,0,1,0,1,0,1,1,0,1,0,1,0,0,1,1,0,1,1,1,0,0,1,0,1,0,0,0,0,0,1,1,0,0,1,0,1,0 : 13.1776
0,0,0,1,0,0,1,1,0,0,0,1,0,0,0,0,1,0,1,1,1,0,0,1,0,0,0,0,1,0,1,0,1,1,0,0,1,1,1 : 13.176
1,1,0,0,0,0,0,1,0,1,0,1,0,1,0,1,0,0,1,0,1,1,0,1,0,0,0,1,0,0,1,0,1,1,0,0,0,1,1 : 13.2777
0,1,1,1,0,0,0,0,0,0,1,1,1,1,0,1,1,0,0,1,1,1,0,1,0,1,1,0,0,1,0,1,1,0,0,1,0,0,1 : 13.6089
1,1,0,1,0,1,0,0,1,1,1,0,1,0,0,1,1,1,0,0,0,0,0,1,0,0,0,1,0,1,0,0,1,0,0,0,1,1,0 : 13.2777
0,0,0,0,1,0,0,1,0,0,1,1,0,0,1,1,0,1,1,1,1,0,1,0,0,0,1,0,0,0,0,1,0,1,0,0,0,0,1 : 13.168
0,0,0,1,1,1,0,0,0,0,1,0,0,0,1,1,0,1,1,0,1,0,0,1,1,1,0,1,1,0,0,0,0,1,0,0,1,1,0 : 13.607
1,1,0,0,1,1,0,1,1,1,1,1,1,0,0,1,1,0,1,0,0,1,0,1,1,0,1,0,0,0,1,0,0,1,0,1,1,1,0 : 13.2777
1,1,0,0,0,1,1,1,1,0,0,0,1,0,0,1,1,0,1,0,1,1,1,1,0,0,0,0,0,1,1,0,0,1,0,0,1,0,0 : 13.2777
0,1,0,0,0,1,0,1,1,1,1,1,0,0,0,1,0,1,0,0,0,1,1,0,0,0,0,1,0,0,1,1,1,0,0,0,0,1,1 : 13.2777
0,1,0,1,1,1,1,0,1,0,1,0,0,1,1,1,0,1,0,0,0,1,0,0,0,0,0,1,0,0,1,0,0,1,0,1,0,1,0 : 13.2777
1,0,0,0,0,0,1,1,1,1,0,0,1,0,1,0,1,0,1,1,1,0,1,0,1,1,0,1,1,0,0,1,0,1,0,0,1,1,0 : 13.176
1,0,0,1,0,0,1,1,1,0,1,0,1,0,0,0,1,0,0,1,1,0,1,0,0,1,0,0,0,0,0,0,0,1,0,0,1,0,1 : 13.024
0,1,0,0,0,1,1,1,1,1,0,1,0,0,1,1,0,0,0,1,0,0,0,1,1,1,0,0,0,0,0,0,0,0,0,1,0,1,1 : 13.324
0,1,0,0,1,1,1,0,1,1,0,1,0,1,1,0,0,1,1,0,1,0,1,1,1,1,0,1,1,0,0,0,1,1,1,0,1,0,0 : 14.011
1,1,0,1,0,0,0,0,0,1,1,1,0,1,1,1,0,1,0,1,0,1,1,0,1,1,0,0,0,1,0,0,1,1,0,0,0,0,1 : 13.168
1,0,0,0,0,0,1,1,1,1,0,1,1,1,0,0,1,1,1,1,1,1,1,0,0,0,0,0,0,1,0,1,0,1,0,1,0,1,1 : 13.176
0,1,0,1,0,0,0,0,1,0,0,1,1,0,0,1,0,1,1,1,1,0,0,0,0,1,0,0,1,1,1,0,1,1,0,0,1,1,0 : 13.1776
0,0,0,1,0,1,1,1,0,1,0,1,0,0,1,0,0,0,1,1,0,1,0,0,0,0,0,1,0,1,0,0,1,1,0,1,0,1,0 : 13.176
0,0,0,0,0,1,0,0,1,1,0,1,0,0,0,1,0,0,1,0,1,0,0,1,0,0,0,0,1,1,1,0,1,0,0,0,0,1,1 : 13.2777
0,1,0,0,1,1,1,1,1,1,0,1,1,1,0,1,0,1,0,0,0,1,0,0,1,0,1,1,0,1,0,0,1,0,0,1,0,1,1 : 13.2777
1,0,0,0,0,1,1,1,0,1,1,1,1,0,1,0,1,1,0,1,1,0,1,0,1,1,0,0,0,1,0,0,0,1,0,0,0,0,0 : 13.024
0,1,0,1,0,1,0,0,0,1,0,1,0,1,1,1,1,1,1,0,1,1,0,1,0,1,0,0,0,0,0,0,1,1,0,0,1,1,0 : 13.3405
1,0,0,1,0,0,1,0,0,0,0,1,1,0,0,1,0,0,1,0,1,0,1,1,0,0,0,0,0,0,1,1,0,1,0,0,1,0,0 : 13.2777
1,1,1,0,0,1,0,0,0,1,1,0,0,1,0,1,0,0,0,1,0,0,1,1,0,0,0,1,0,0,1,0,0,1,1,0,0,0,1 : 13.168
0,0,0,1,0,0,0,0,0,1,1,0,0,1,0,0,0,1,1,1,0,0,1,1,1,1,0,0,1,0,0,1,1,0,0,0,0,1,0 : 13.176
0,1,0,1,0,0,0,1,0,1,0,1,0,0,0,1,0,0,0,1,0,0,0,1,0,1,0,1,0,0,1,0,1,1,0,0,1,1,0 : 13.324
1,0,1,1,0,0,0,0,1,1,0,1,1,1,1,0,0,1,1,0,0,0,0,0,0,1,1,0,0,0,1,0,0,1,0,1,1,0,0 : 13.7308
1,1,0,0,0,0,0,0,0,1,1,0,0,0,1,1,0,0,1,0,1,1,0,1,0,0,0,0,1,1,1,1,1,0,0,1,0,0,0 : 13.2777
0,1,0,0,1,1,0,1,0,1,1,1,1,1,0,1,1,0,0,0,0,1,1,1,0,0,0,0,0,0,1,0,0,1,0,0,1,1,1 : 13.2777
0,0,0,0,1,0,0,0,1,0,0,0,1,0,1,1,0,0,0,0,0,1,0,0,0,0,1,0,1,1,0,1,1,0,0,1,0,1,1 : 13.2777
1,0,0,1,0,1,0,1,1,0,1,0,1,1,1,1,1,1,1,0,1,1,0,1,1,0,1,0,0,1,1,0,1,1,0,0,0,1,1 : 13.2777
1,0,0,1,0,0,0,0,0,1,1,0,1,1,1,1,0,0,0,0,0,0,0,0,0,0,1,0,0,1,0,0,0,1,0,0,1,1,1 : 13.2777
0,1,1,0,0,1,0,0,1,0,0,1,0,1,0,0,0,1,1,1,0,1,0,0,0,0,0,0,0,0,1,0,1,0,0,1,1,0,0 : 13.6089
1,0,0,0,0,0,0,0,0,0,1,1,1,0,1,1,0,0,1,1,1,0,0,0,0,0,0,0,1,0,1,0,0,0,0,0,0,1,1 : 13.1776
1,0,0,0,0,1,0,0,1,1,0,0,0,0,1,0,1,1,0,1,0,1,1,1,0,1,1,0,1,0,1,0,0,1,1,1,0,0,0 : 13.1698
0,1,0,0,0,1,1,1,1,1,1,1,0,0,1,1,0,1,1,1,0,1,0,1,0,0,0,1,0,1,0,0,0,0,0,1,0,1,0 : 13.1776
1,1,0,1,0,0,0,0,1,0,0,1,0,0,0,1,1,1,0,0,1,1,0,0,0,0,1,0,1,1,1,1,1,0,0,0,1,0,0 : 13.2777
0,0,1,1,0,0,0,0,0,1,1,1,0,0,0,0,0,1,1,1,1,0,0,0,1,1,0,0,1,1,0,0,0,0,0,0,0,1,0 : 13.176
0,0,0,1,1,1,1,1,1,0,0,0,1,1,0,1,0,1,1,0,1,1,0,1,0,0,0,0,1,0,0,0,1,0,0,0,0,0,0 : 13.2777
0,1,0,1,0,1,1,0,0,1,1,0,1,0,1,1,1,0,0,1,0,0,1,1,0,1,0,0,1,0,0,0,1,0,0,0,0,0,1 : 13.024
0,1,1,1,0,0,0,1,0,0,1,0,0,0,0,1,0,0,0,1,1,1,0,1,1,1,0,0,0,1,1,0,1,0,0,1,1,1,1 : 13.324
1,0,0,1,0,0,0,0,0,1,0,0,0,0,0,1,1,1,0,0,1,0,1,1,1,0,1,0,1,0,1,0,1,1,0,0,0,1,1 : 13.2777
1,1,0,1,0,1,1,1,1,0,0,0,0,0,1,1,0,0,1,1,0,1,1,0,0,1,0,0,0,1,1,1,0,1,0,0,0,1,0 : 13.1776
1,0,0,0,0,0,0,1,1,0,1,0,1,1,1,1,1,1,0,1,1,1,0,0,0,0,0,0,0,1,1,0,0,1,0,1,0,1,1 : 13.324
0,1,0,1,0,1,0,1,0,1,1,1,0,0,1,1,0,0,0,0,1,1,0,0,0,0,0,0,0,1,1,0,1,1,0,1,1,1,0 : 13.2777
0,0,0,0,0,1,1,0,1,1,1,0,1,1,1,0,0,0,1,1,1,1,1,0,1,1,0,0,0,0,0,0,0,0,0,1,0,1,0 : 13.176
1,0,1,0,1,0,0,0,1,0,0,1,0,1,0,0,0,1,1,1,1,1,1,0,0,1,1,0,0,1,1,0,1,0,0,0,0,0,1 : 13.168
0,0,0,1,0,1,0,1,1,1,1,0,1,0,1,1,0,1,1,1,1,1,1,1,0,0,0,0,0,0,0,0,0,1,0,0,0,1,1 : 13.1776
0,1,0,1,1,0,0,0,0,1,0,0,0,0,1,1,0,0,1,0,0,1,1,1,0,0,1,0,1,0,0,1,0,1,1,0,0,1,0 : 13.2777
1,0,0,0,1,1,1,1,0,1,1,1,0,1,0,1,0,0,1,0,0,0,0,0,1,1,0,0,1,1,1,0,1,1,0,0,0,1,0 : 13.607
1,1,0,1,0,0,0,0,1,0,0,0,0,0,1,1,0,0,1,0,0,0,1,0,0,0,1,0,0,1,0,1,0,1,0,1,0,0,0 : 13.2777
1,0,1,1,0,0,0,1,1,0,0,1,0,1,1,0,0,1,1,1,0,0,1,0,1,1,0,0,0,0,0,0,1,0,1,1,0,0,0 : 13.1698
0,1,0,0,1,0,1,1,0,1,0,1,1,1,1,1,1,0,0,0,1,1,0,1,0,1,0,0,1,0,1,0,0,0,0,0,0,1,1 : 13.607
1,1,0,1,0,1,1,1,1,1,1,0,0,0,1,1,1,0,1,1,1,0,1,1,0,0,0,0,1,0,1,1,0,1,0,1,0,1,1 : 13.1776
0,1,0,0,0,1,1,0,1,1,0,0,0,1,1,1,0,1,1,0,1,1,0,1,0,0,1,0,1,0,1,0,1,0,1,1,0,0,0 : 13.2777
0,0,0,1,0,0,1,0,1,1,1,1,0,0,0,1,0,0,1,1,0,0,0,1,0,1,0,0,0,0,1,0,1,0,0,0,1,1,1 : 13.1776
1,1,0,0,1,0,1,0,0,0,0,1,0,0,1,0,1,0,1,1,1,0,1,1,0,0,0,0,0,1,0,0,1,1,0,1,0,0,1 : 13.3611
0,0,0,1,0,0,0,0,0,1,1,0,0,1,0,0,0,1,1,1,1,0,0,1,0,0,0,0,0,1,0,0,1,0,0,0,0,1,1 : 13.176
0,1,0,0,0,1,1,0,1,1,0,0,1,1,1,1,1,0,0,1,0,1,1,0,1,1,0,0,1,0,0,0,1,0,0,0,0,0,0 : 13.024
0,0,0,1,0,1,0,0,0,0,1,1,1,1,0,1,0,0,1,0,0,0,1,0,0,0,0,0,0,1,0,0,0,1,0,0,1,1,0 : 13.2777
1,0,0,1,1,1,1,0,0,0,0,1,1,0,1,1,0,0,0,1,1,1,1,1,0,1,1,1,0,1,0,0,1,0,0,1,0,0,0 : 13.024
1,0,0,0,1,1,1,0,0,1,1,1,0,0,1,1,0,1,1,0,0,0,0,1,1,0,1,0,1,1,1,0,0,1,0,0,1,1,0 : 13.2777
0,1,0,1,0,0,0,0,1,0,1,1,1,0,1,1,1,1,0,0,0,0,1,1,0,0,1,0,0,1,1,0,0,0,0,0,0,0,0 : 13.2777
1,0,0,0,0,1,1,1,0,1,0,0,0,0,1,1,1,1,1,1,0,1,0,0,0,1,0,0,0,0,1,0,1,0,0,0,1,1,0 : 13.1776
0,1,1,1,0,0,0,1,0,1,0,1,1,0,1,0,0,1,0,1,0,0,0,0,0,0,0,0,0,1,0,0,1,1,0,1,0,0,0 : 13.8408
0,0,0,1,0,0,0,1,0,0,1,0,1,0,1,0,0,0,0,1,1,0,0,0,0,0,0,0,0,0,0,0,1,1,0,1,0,1,1 : 13.176
1,1,0,0,0,0,0,0,1,1,0,0,0,0,0,1,0,0,1,0,1,0,0,1,1,0,1,1,0,1,0,0,1,1,0,0,1,0,0 : 13.2777
0,0,0,0,0,1,0,1,0,1,0,1,0,0,0,0,0,1,1,1,0,0,1,0,0,1,0,1,1,0,0,1,1,0,0,1,1,1,0 : 13.176
1,1,0,0,1,1,0,0,0,0,0,0,0,0,0,0,1,0,0,0,1,1,0,0,0,1,0,0,0,1,1,0,0,1,0,1,1,1,1 : 13.3405
1,0,0,0,0,0,0,1,0,0,1,0,1,1,0,0,1,1,0,0,0,1,0,1,0,1,1,0,0,1,1,0,1,1,0,0,0,1,1 : 13.3405
1,0,0,1,0,0,1,0,0,0,1,1,1,1,1,0,0,0,1,0,1,1,1,0,1,1,0,0,0,0,1,1,0,1,0,1,1,1,1 : 13.3405
0,1,0,0,1,1,0,1,1,1,0,1,0,1,1,1,1,0,1,0,0,1,1,1,0,0,1,0,0,0,0,0,1,0,0,0,0,1,0 : 13.2777
1,1,0,0,0,1,0,1,0,0,1,1,0,1,0,0,1,0,0,0,1,0,0,0,0,1,1,0,0,1,1,0,1,0,0,1,1,1,1 : 13.3405
0,0,0,1,0,1,0,0,0,1,0,1,0,0,1,1,1,1,0,1,0,1,0,1,1,1,0,0,1,0,0,0,1,0,0,0,0,1,0 : 13.324
1,1,0,0,1,1,0,1,0,1,1,1,0,0,0,0,0,0,1,0,0,1,1,1,0,1,1,0,0,1,1,0,1,0,0,0,1,1,1 : 13.3405
1,0,1,1,0,0,0,0,0,0,1,1,0,0,1,0,1,0,0,1,0,1,0,0,0,0,0,0,1,0,1,1,0,1,0,0,0,1,1 : 13.176
1,1,0,0,0,1,1,1,0,1,1,1,1,1,1,1,0,0,1,1,1,0,0,0,0,0,0,0,1,0,0,1,1,0,0,1,0,1,0 : 13.1776
1,1,1,1,0,0,0,1,1,0,1,0,0,1,0,0,1,1,0,1,0,1,1,1,0,1,0,0,0,1,0,1,1,0,0,0,0,0,1 : 13.168
0,1,0,1,0,1,0,1,1,1,1,1,0,0,1,0,1,1,1,0,0,0,0,1,0,1,1,0,1,0,0,0,1,0,0,1,1,1,0 : 13.607
1,1,0,1,0,1,0,0,0,0,0,0,0,1,1,0,1,0,0,1,0,0,1,1,0,0,0,0,1,0,0,0,0,1,0,1,0,0,1 : 13.1698
0,0,1,1,0,0,0,0,1,0,0,0,1,0,0,0,0,1,1,1,0,1,1,0,0,1,0,0,0,0,1,0,1,1,0,0,0,1,0 : 13.176
0,0,0,0,1,0,0,0,1,0,1,0,0,0,0,1,0,1,0,0,0,1,1,0,0,0,1,0,1,0,0,0,1,0,1,0,0,0,1 : 13.2777
1,0,0,0,0,0,0,0,1,0,0,0,1,0,1,1,1,0,0,0,0,0,0,1,0,0,1,0,1,0,1,0,0,0,0,0,1,0,1 : 13.2777
1,1,0,0,1,1,0,1,0,1,1,0,0,1,1,1,0,0,1,0,0,0,0,1,1,0,1,0,1,1,1,0,1,0,0,0,0,0,1 : 13.2777
0,0,0,1,0,0,1,1,0,0,1,1,1,0,1,1,0,1,1,1,0,0,0,0,0,0,0,1,1,0,0,0,0,0,0,0,1,1,1 : 13.1776
0,1,0,1,1,0,1,1,0,0,0,0,1,0,0,0,1,0,1,1,1,1,1,0,1,1,0,0,0,0,0,1,0,1,0,0,1,0,1 : 13.024
1,0,0,1,0,1,1,1,1,0,0,1,1,0,1,1,0,1,1,0,0,0,1,0,1,0,1,0,1,0,0,0,1,1,0,1,0,0,0 : 13.2777
1,1,1,0,1,0,0,1,0,1,0,0,0,0,0,0,0,1,0,1,1,1,0,0,0,0,0,1,1,0,0,0,0,1,0,0,0,1,1 : 13.8814
0,0,0,1,0,0,1,1,1,0,1,0,0,1,0,0,0,1,0,1,0,0,1,1,0,1,0,0,0,1,0,0,1,0,0,0,0,1,1 : 13.176
1,1,0,0,1,1,1,0,0,1,0,1,1,0,1,1,0,0,0,0,1,0,1,0,0,0,1,1,0,0,1,1,1,0,0,0,0,1,0 : 13.2777
1,1,0,0,0,1,1,1,0,1,0,1,1,0,1,0,0,1,0,1,1,1,1,1,0,1,0,0,1,0,1,0,1,1,0,1,1,0,1 : 13.024
0,0,0,1,0,1,0,1,1,1,0,0,1,0,0,1,0,1,1,1,0,0,0,1,1,1,0,0,1,0,1,1,1,0,0,0,0,0,0 : 13.6338
1,1,0,1,1,0,0,0,1,1,1,1,1,0,0,1,0,0,0,0,0,0,1,0,0,1,0,1,0,1,0,0,1,1,0,1,1,1,1 : 13.3405
1,0,0,0,1,0,1,0,1,1,1,1,0,1,0,1,1,0,1,0,0,0,0,0,0,0,0,0,0,1,1,1,1,0,0,1,1,0,1 : 13.2777
0,1,0,0,0,0,1,0,0,1,0,0,1,0,1,1,0,0,0,0,1,1,1,1,0,0,1,0,0,1,1,0,0,1,1,0,0,1,0 : 13.2777
1,0,0,0,1,1,1,1,0,1,0,1,0,0,1,0,0,1,0,0,0,1,0,0,0,1,0,0,0,1,0,0,0,0,1,0,0,1,0 : 13.3405
0,1,0,1,0,1,0,1,1,1,0,1,1,1,0,1,1,1,1,0,0,1,0,1,0,0,0,0,0,0,0,0,0,0,0,0,0,0,1 : 13.2777
0,0,0,0,0,1,1,1,1,0,1,1,1,0,1,1,1,0,1,1,1,0,0,1,0,0,0,0,1,0,0,0,0,1,0,1,1,1,1 : 13.1776
0,0,0,1,0,0,0,0,0,1,0,1,0,1,1,1,0,0,0,0,0,0,0,1,0,0,1,0,0,0,1,0,1,0,0,0,0,1,1 : 13.2777
