1,0,0,1,1,0,0,0,1,0,0 : 212.0533
1,0,0,0,1,0,0,0,1,0,0 : 202.9366
1,0,0,0,1,1,0,0,0,0,0 : 202.9366
1,0,0,0,0,0,0,0,0,1,0 : 202.9366
1,0,0,1,0,1,1,0,0,0,0 : 214.25
1,0,0,0,1,1,0,1,1,0,0 : 202.9366
1,0,0,0,1,1,0,1,1,1,0 : 202.9366
1,0,1,1,1,1,0,1,1,1,0 : 229.2766
1,0,0,1,1,1,1,1,0,0,0 : 214.25
1,0,0,0,1,0,0,1,1,1,0 : 202.9366
1,0,1,1,1,1,1,0,1,1,0 : 232.1166
1,0,0,0,1,0,0,0,0,0,0 : 202.9366
1,0,0,0,0,0,0,0,1,0,0 : 202.9366
1,0,0,0,1,1,0,0,0,0,0 : 202.9366
1,0,0,0,1,1,0,0,0,0,0 : 202.9366
1,0,0,1,0,1,1,0,0,0,0 : 214.25
1,0,0,0,0,1,0,0,1,1,0 : 202.9366
1,0,0,0,0,1,0,0,1,0,0 : 202.9366
1,0,0,0,1,0,1,1,1,1,0 : 204.73
1,0,0,0,0,1,1,1,1,1,1 : 217.6533
1,0,1,1,1,1,1,1,0,0,1 : 250.5966
1,0,0,0,0,1,1,0,0,0,0 : 204.73
1,0,0,0,0,1,0,0,1,0,0 : 202.9366
1,0,0,1,0,0,1,0,1,0,0 : 214.25
1,0,0,0,0,0,1,1,1,0,0 : 204.73
1,0,0,0,1,1,0,0,1,0,0 : 202.9366
1,0,0,0,0,1,1,0,1,0,0 : 204.73
1,0,1,0,0,0,0,0,0,0,0 : 221.3766
1,0,1,0,1,0,0,1,1,1,0 : 218.0966
1,0,0,0,0,1,0,0,1,0,0 : 202.9366
1,0,0,0,1,0,1,1,1,0,1 : 215.8533
1,0,0,0,1,1,0,1,1,0,0 : 202.9366
1,0,0,0,1,1,1,0,1,0,0 : 204.73
1,0,0,0,1,1,0,0,1,0,0 : 202.9366
1,1,0,0,0,0,0,1,0,1,0 : 224.7333
1,0,0,0,0,1,0,0,0,0,0 : 202.9366
1,0,0,0,1,1,0,0,1,0,0 : 202.9366
1,0,0,1,1,1,0,1,1,0,0 : 212.0533
1,0,0,0,0,1,1,0,1,1,0 : 204.73
1,0,0,0,0,0,1,0,0,0,0 : 204.73
1,0,0,0,0,0,1,0,1,1,0 : 204.73
1,0,1,0,0,0,1,0,1,1,0 : 218.0966
1,0,0,0,0,1,0,1,1,0,0 : 202.9366
1,0,0,0,0,0,1,0,0,0,0 : 204.73
1,0,0,0,0,0,1,1,0,0,0 : 204.73
1,1,0,0,0,0,0,0,0,0,1 : 232.6166
1,0,0,0,1,1,0,1,1,0,0 : 202.9366
1,1,0,0,0,1,0,0,1,1,0 : 224.7333
1,0,0,0,0,1,1,0,1,1,0 : 204.73
1,0,1,0,0,0,1,1,0,0,1 : 233.5433
1,0,0,0,1,1,0,1,1,0,0 : 202.9366
1,0,0,0,1,0,1,0,0,0,0 : 204.73
1,1,0,0,0,1,1,0,0,1,0 : 224.7333
1,1,0,0,0,1,0,0,0,0,0 : 224.43
1,0,0,0,0,1,1,1,0,1,0 : 204.73
1,0,0,1,1,1,0,0,1,0,0 : 212.0533
1,0,0,0,1,1,1,1,1,1,0 : 204.73
1,0,0,0,1,1,0,0,0,1,0 : 202.9366
1,0,1,0,1,0,0,0,0,1,0 : 218.0966
1,0,0,0,0,0,0,0,1,1,0 : 202.9366
1,1,0,0,0,1,1,0,0,1,0 : 224.7333
1,0,0,1,1,1,0,1,0,1,0 : 212.7133
1,0,0,0,1,1,0,0,1,0,0 : 202.9366
1,0,0,1,1,1,0,1,1,1,0 : 212.0533
1,1,0,0,0,1,0,0,1,1,0 : 224.7333
1,0,0,0,1,1,0,0,0,1,0 : 202.9366
1,0,0,0,1,0,0,1,0,0,0 : 202.9366
1,0,0,0,0,0,0,1,1,0,0 : 202.9366
1,0,0,0,1,1,0,1,0,1,0 : 202.9366
1,1,0,1,1,1,0,0,0,0,0 : 235.3466
1,0,0,0,1,1,0,0,1,0,0 : 202.9366
1,0,0,0,1,0,0,1,0,0,1 : 220.08
1,0,0,0,1,1,0,1,0,1,0 : 202.9366
1,1,0,0,0,1,0,1,0,0,1 : 231.8866
1,0,0,0,0,1,1,0,1,1,0 : 204.73
1,0,0,0,0,1,0,0,1,1,0 : 202.9366
1,0,0,1,1,1,0,0,1,1,0 : 212.0533
1,0,0,1,1,0,0,0,1,0,0 : 212.0533
1,0,0,1,0,1,0,0,1,0,0 : 212.0533
1,0,0,0,1,1,0,1,0,1,0 : 202.9366
1,0,0,0,1,1,0,0,1,1,0 : 202.9366
1,1,0,1,0,1,0,0,1,0,0 : 235.3466
1,0,0,0,1,1,0,0,1,1,0 : 202.9366
1,1,0,0,1,0,0,1,0,1,0 : 231.3133
1,1,0,0,0,1,0,0,0,1,0 : 224.7333
1,0,0,0,0,1,0,0,1,0,0 : 202.9366
1,0,0,0,0,0,0,1,0,1,0 : 202.9366
1,0,0,0,0,0,0,1,1,1,0 : 202.9366
1,0,0,0,0,0,0,0,1,0,0 : 202.9366
1,0,0,0,1,1,0,0,1,0,0 : 202.9366
1,1,0,0,0,0,1,1,1,0,0 : 224.43
1,0,0,0,0,0,0,1,0,0,0 : 202.9366
1,0,0,0,1,0,1,1,0,1,0 : 204.73
1,0,0,0,1,0,0,1,1,0,0 : 202.9366
1,1,0,0,0,1,0,1,1,0,1 : 231.8866
1,0,0,0,1,1,0,1,1,1,0 : 202.9366
1,0,0,0,1,1,0,0,0,0,0 : 202.9366
1,0,0,1,1,0,0,0,1,0,0 : 212.0533
1,0,0,0,0,0,0,0,1,1,0 : 202.9366
1,0,0,0,1,0,0,0,0,1,0 : 202.9366
