1,0,0,0,0,1,1,1,1,0,0,1,1,0,1,0,1,0,0,1,1,0,1,0,1,1,0,0,1,0,1,0,0,1,0,0,0,0,1 : 13.024
0,0,0,0,0,1,1,1,0,0,1,1,1,0,0,1,0,0,1,1,1,0,1,1,1,1,0,0,0,0,1,0,0,1,0,1,0,0,0 : 13.024
0,0,0,0,0,1,1,1,0,1,0,1,1,0,1,0,1,0,1,1,1,1,1,0,1,1,0,0,0,1,1,0,0,1,0,0,0,0,0 : 13.024
1,0,0,0,0,1,1,1,1,1,1,1,1,0,1,1,0,1,1,1,1,0,1,0,1,1,0,0,0,1,1,0,0,0,0,0,1,0,1 : 13.024
0,0,0,1,0,1,1,1,0,0,0,0,1,0,0,1,1,1,1,1,1,1,1,1,0,1,0,0,0,1,1,0,0,1,0,0,0,0,0 : 13.024
1,0,0,0,0,1,1,1,0,0,0,1,1,0,1,0,0,0,0,1,1,0,1,0,1,1,0,0,0,0,1,0,0,0,0,1,0,0,0 : 13.024
0,0,0,0,0,1,1,1,0,0,1,1,1,0,1,0,1,1,1,1,1,0,1,1,1,1,0,0,0,0,0,1,0,1,0,0,0,0,0 : 13.024
0,0,0,1,0,1,1,1,1,0,1,0,1,0,0,1,0,1,0,1,1,0,1,1,1,1,0,0,0,0,0,0,0,1,0,1,0,0,1 : 13.024
1,0,0,1,0,1,1,1,0,0,0,0,1,0,0,1,1,1,1,1,1,0,1,1,0,1,0,0,1,0,1,0,0,1,0,0,0,0,0 : 13.024
1,0,0,0,0,1,1,1,0,1,1,0,1,1,0,1,1,1,0,1,1,0,1,0,1,1,0,0,1,0,0,0,0,1,0,1,0,0,1 : 13.024
0,0,0,1,1,1,1,1,0,0,1,1,1,0,1,0,1,0,1,1,1,1,1,0,0,1,0,0,0,1,1,0,0,1,0,0,0,0,1 : 13.024
0,0,0,0,0,1,1,1,0,1,1,0,1,0,1,0,0,1,0,1,1,0,1,0,1,1,0,0,0,0,1,0,0,1,0,0,0,0,1 : 13.024
1,0,0,0,0,0,1,1,0,1,0,1,1,0,0,0,1,1,1,1,1,1,1,1,1,1,0,1,0,1,0,0,0,0,0,1,0,0,0 : 13.024
1,0,0,0,0,1,1,1,1,0,1,0,1,0,1,0,0,1,0,1,1,0,1,0,0,1,0,0,0,1,1,0,0,1,0,0,0,0,1 : 13.024
0,0,0,0,0,0,1,1,0,1,1,1,1,0,1,1,1,0,0,1,1,0,1,0,0,1,0,0,0,1,1,0,1,0,0,0,0,0,1 : 13.024
1,1,0,0,1,1,1,0,0,1,1,0,1,0,1,1,1,1,1,1,0,0,1,1,1,1,0,0,1,1,0,0,0,1,0,0,0,0,1 : 13.024
0,0,0,0,0,1,1,1,0,0,1,1,1,0,0,1,0,0,1,1,1,0,1,0,1,1,0,0,0,0,1,0,0,1,0,1,1,0,0 : 13.024
1,0,0,0,0,1,1,1,0,1,1,0,1,0,0,1,1,1,1,1,0,1,1,0,0,1,1,1,0,0,1,0,0,1,0,0,0,0,0 : 13.024
0,0,0,0,0,0,1,0,0,0,0,0,1,1,1,1,0,1,0,1,1,0,1,0,1,1,0,0,1,1,1,0,0,1,0,0,0,0,1 : 13.024
0,1,0,0,1,1,1,1,0,1,1,0,1,1,1,0,1,1,1,1,1,0,1,0,0,1,1,0,0,0,1,0,0,1,0,0,0,0,1 : 13.024
0,0,0,0,0,1,1,1,0,0,1,1,1,0,0,1,1,1,0,1,1,1,1,1,0,1,0,0,1,0,0,0,1,1,0,0,0,0,1 : 13.024
1,0,0,0,0,1,1,1,0,1,1,1,1,0,1,0,1,0,1,1,0,0,1,1,0,1,1,1,0,1,0,0,0,1,0,0,0,0,1 : 13.024
0,0,0,0,0,0,1,1,0,0,0,1,1,0,1,0,0,1,0,1,1,0,1,1,1,1,0,0,0,0,1,0,0,1,0,0,0,0,0 : 13.024
0,0,0,0,0,0,1,1,0,0,0,0,1,1,1,1,0,0,1,1,1,0,1,0,0,1,0,0,1,0,0,0,0,1,0,0,0,0,1 : 13.024
1,0,0,0,1,1,1,0,0,1,1,1,1,1,1,0,1,0,1,1,1,1,1,1,0,1,0,0,0,0,0,0,0,1,0,0,0,0,1 : 13.024
0,0,0,0,0,1,1,0,1,0,0,1,1,1,1,1,1,0,0,1,1,1,1,0,0,1,0,0,0,0,0,0,0,0,0,0,0,0,1 : 13.024
0,0,0,1,0,1,1,1,0,1,1,1,1,0,1,0,1,1,0,1,1,0,1,1,0,1,0,0,0,1,0,0,0,1,0,0,0,0,1 : 13.024
0,0,0,0,0,1,1,1,0,0,0,1,1,0,1,0,0,0,1,1,1,0,1,1,1,1,0,0,0,1,1,0,0,0,0,0,0,0,0 : 13.024
0,0,0,0,0,1,1,0,0,1,1,1,1,1,1,1,0,0,0,1,1,0,1,0,1,1,0,0,1,0,0,1,0,1,0,1,1,0,1 : 13.024
1,0,0,0,0,1,1,1,0,0,0,1,1,1,1,0,1,1,1,1,1,0,1,0,0,1,0,0,0,1,1,0,1,1,0,0,0,0,1 : 13.024
0,0,0,1,0,1,1,1,0,0,1,0,1,0,1,0,0,1,1,1,1,1,1,0,0,1,0,0,0,1,1,1,0,1,0,1,0,0,0 : 13.024
0,1,0,1,0,1,1,1,0,1,0,0,1,0,0,1,1,1,1,1,1,0,1,1,1,1,0,0,0,0,1,0,1,1,0,0,0,0,0 : 13.024
0,0,0,0,0,1,1,0,0,0,0,0,1,1,0,1,0,0,0,1,1,1,1,0,1,1,0,0,0,0,0,0,0,1,0,0,0,0,1 : 13.024
0,0,0,0,0,1,1,0,0,1,1,1,1,1,1,0,1,0,1,1,1,0,1,0,0,1,0,0,0,1,0,0,0,0,0,0,0,0,0 : 13.024
0,0,0,0,0,0,1,1,0,1,1,1,1,1,0,0,0,1,1,1,1,0,1,1,1,1,0,0,0,1,1,0,0,1,0,0,0,0,0 : 13.024
0,0,0,1,0,1,1,1,0,0,1,0,1,0,1,1,0,1,1,1,1,0,1,0,1,1,0,0,0,1,0,0,0,1,0,1,0,0,1 : 13.024
1,0,0,0,0,1,1,0,1,1,1,1,1,1,0,1,0,1,0,1,1,0,1,1,1,1,0,0,1,1,0,0,0,0,0,0,0,0,1 : 13.024
0,1,0,1,0,1,1,1,0,0,0,0,1,0,1,0,1,1,1,1,1,0,1,1,0,1,0,0,1,1,1,0,0,1,0,0,0,0,1 : 13.024
0,0,0,0,0,1,1,1,0,0,0,0,1,0,1,0,0,0,0,1,1,0,1,0,1,1,0,0,0,0,1,0,0,1,0,0,0,0,0 : 13.024
0,0,0,0,0,1,1,1,0,0,1,0,1,0,1,0,1,1,1,1,1,0,1,0,1,1,0,0,0,0,0,0,0,1,0,0,0,0,0 : 13.024
1,1,0,0,0,1,1,1,0,1,0,1,1,0,1,1,0,1,0,1,1,0,1,0,1,1,0,0,0,1,0,0,0,1,0,0,0,0,1 : 13.024
0,0,0,0,0,1,1,1,0,1,1,1,1,0,1,0,0,0,0,1,1,1,1,0,1,1,0,0,0,0,0,0,0,0,0,0,0,0,0 : 13.024
0,0,0,0,0,1,1,0,0,0,1,0,1,0,1,0,0,1,1,1,1,0,1,1,1,1,0,0,1,1,1,0,0,1,1,0,0,0,1 : 13.024
0,0,0,0,0,1,1,0,0,1,1,1,1,1,0,0,0,1,1,1,1,0,1,1,1,1,0,0,0,1,1,0,0,1,0,0,0,0,0 : 13.024
1,0,0,0,0,1,1,1,0,1,1,1,1,0,0,1,0,1,0,1,1,1,1,0,1,1,0,0,1,1,0,0,0,0,0,1,0,0,0 : 13.024
1,0,0,0,0,1,1,1,0,1,1,0,1,0,0,1,1,1,1,1,1,1,1,0,1,1,0,0,0,0,0,0,0,0,0,0,0,0,1 : 13.024
0,0,0,0,0,1,1,0,0,1,0,0,1,1,1,0,0,1,1,1,1,0,1,1,1,1,0,0,0,0,0,0,0,1,0,0,0,0,0 : 13.024
0,0,0,0,1,1,1,0,0,0,1,1,1,0,1,0,1,0,1,1,1,1,1,0,0,1,0,0,0,1,1,0,0,1,0,0,0,0,1 : 13.024
0,0,0,0,0,1,1,1,0,1,1,1,1,0,1,0,1,1,0,1,1,0,1,1,1,1,0,0,0,1,0,1,0,1,0,1,0,0,0 : 13.024
1,0,0,0,0,1,1,1,0,1,0,1,1,0,0,0,1,1,0,1,0,0,1,0,1,1,0,0,1,1,0,0,0,0,0,1,0,0,1 : 13.024
1,0,0,0,0,1,1,1,0,1,1,1,1,0,1,1,0,1,1,1,1,0,1,0,1,1,0,0,0,1,0,0,0,0,0,0,0,0,1 : 13.024
1,0,0,0,0,1,1,1,0,0,0,1,1,0,0,0,1,0,0,1,1,0,1,0,1,1,0,0,1,0,1,0,0,1,0,0,0,0,1 : 13.024
0,0,0,1,0,1,1,1,1,0,0,1,1,0,0,1,1,1,1,1,1,0,1,1,0,1,0,0,0,1,1,0,0,0,0,0,0,0,0 : 13.024
0,1,0,1,0,1,1,0,0,1,0,0,1,0,0,0,1,1,1,1,0,1,1,1,1,1,0,0,0,0,1,0,0,1,0,1,0,0,0 : 13.024
1,0,0,0,1,1,1,1,0,0,1,0,1,1,1,1,0,1,1,1,1,0,1,0,1,1,0,0,0,1,0,1,0,1,0,0,0,0,0 : 13.024
0,0,0,0,0,1,1,1,0,0,1,1,1,0,1,0,1,1,1,1,1,0,1,0,1,1,0,0,0,0,0,1,0,1,0,0,0,0,1 : 13.024
1,0,0,0,0,1,1,1,0,1,0,1,1,0,1,0,1,1,0,1,1,0,1,1,1,1,0,0,0,0,1,0,1,1,0,0,1,0,1 : 13.024
1,0,0,0,0,1,1,0,0,1,1,1,1,0,1,1,0,1,1,1,1,1,1,0,0,1,0,0,0,1,0,0,0,1,0,0,0,0,0 : 13.024
0,0,0,0,0,1,1,0,0,1,1,1,1,1,0,0,0,1,1,1,1,0,1,1,1,1,0,0,0,1,1,0,0,1,0,0,0,0,1 : 13.024
0,0,0,1,0,1,1,1,1,0,1,0,1,0,0,1,0,1,0,1,0,0,1,1,1,1,0,0,1,0,0,0,0,1,0,1,0,0,1 : 13.024
1,0,0,1,0,1,1,1,0,0,0,1,1,0,0,0,1,1,1,1,1,0,1,1,0,1,0,0,1,1,1,0,0,1,0,0,0,0,0 : 13.024
1,0,0,0,0,1,1,1,0,0,1,1,1,1,1,1,1,1,1,1,0,0,1,0,1,1,0,1,0,0,1,0,0,1,0,1,0,0,1 : 13.024
1,0,0,0,0,1,1,1,0,0,1,0,1,1,0,1,1,1,0,1,1,1,1,0,1,1,0,0,1,0,0,0,0,1,0,0,0,0,1 : 13.024
0,0,0,0,0,1,1,0,0,1,0,1,1,1,1,0,0,1,1,1,1,0,1,1,1,1,0,0,0,1,0,0,0,1,0,0,0,0,0 : 13.024
0,0,0,0,0,1,1,1,1,1,1,0,1,0,1,0,1,0,1,1,1,1,1,0,0,1,0,0,0,1,0,0,0,1,0,0,0,0,1 : 13.024
0,0,0,0,0,1,1,1,1,1,1,0,1,0,1,0,0,1,1,1,1,0,1,0,0,1,0,0,0,1,1,0,0,1,0,0,0,0,1 : 13.024
0,0,0,0,0,0,1,1,0,0,1,1,1,0,1,1,1,0,0,1,0,0,1,0,0,1,0,0,0,1,1,0,0,0,0,0,0,0,1 : 13.024
0,0,0,0,0,1,1,1,0,1,0,1,1,0,1,0,0,0,1,1,1,1,1,0,1,1,0,0,1,1,1,0,1,1,0,0,0,0,0 : 13.024
1,0,0,0,1,1,1,1,1,0,0,1,1,1,1,0,1,0,0,1,1,0,1,0,1,1,0,0,0,0,1,0,0,1,0,0,0,0,1 : 13.024
1,0,0,0,0,1,1,1,0,1,1,1,1,0,1,1,0,1,1,1,1,0,1,0,0,1,0,0,0,1,1,0,0,0,0,0,0,0,1 : 13.024
0,0,0,0,0,1,1,1,0,0,1,1,1,0,1,0,1,1,1,1,1,0,1,1,1,1,0,0,0,0,0,1,0,1,0,0,0,0,0 : 13.024
1,0,0,0,0,1,1,1,0,1,0,1,1,0,1,0,1,1,0,1,1,0,1,1,1,1,0,0,0,0,1,0,1,1,0,0,0,0,1 : 13.024
0,0,0,1,0,1,1,1,0,0,1,0,1,0,0,1,0,1,0,1,1,0,1,1,1,1,0,0,0,0,0,0,0,1,0,1,0,0,1 : 13.024
0,1,0,0,0,1,1,0,0,1,1,0,1,1,1,0,0,1,1,1,1,0,1,1,1,1,0,0,0,1,0,0,0,1,0,0,0,0,0 : 13.024
0,0,0,1,1,1,1,1,0,0,1,1,1,0,1,0,1,0,1,1,1,1,1,0,0,1,0,0,0,1,1,0,0,1,0,0,0,0,1 : 13.024
0,0,0,0,0,1,1,1,0,1,1,0,1,0,1,0,0,1,0,1,1,0,1,0,1,1,0,0,0,0,0,0,0,1,0,0,0,0,1 : 13.024
1,0,0,0,0,0,1,1,0,1,0,1,1,0,0,0,1,1,0,1,1,0,1,1,1,1,0,1,0,1,0,0,0,0,0,1,0,0,1 : 13.024
1,0,0,0,0,1,1,1,1,0,1,0,1,0,1,0,0,1,1,1,1,0,1,0,0,1,0,0,0,1,1,0,0,1,0,0,0,0,1 : 13.024
0,0,0,0,0,0,1,1,0,1,1,1,1,0,1,1,1,0,0,1,1,0,1,0,0,1,0,0,0,1,1,0,0,0,0,0,0,0,1 : 13.024
0,0,0,0,0,1,1,1,0,1,0,1,1,0,1,0,1,0,0,1,1,1,1,0,1,1,0,0,0,1,1,0,0,1,0,0,0,0,0 : 13.024
1,1,0,0,1,1,1,0,0,1,1,0,1,0,1,1,1,1,1,1,0,0,1,1,1,1,0,0,1,1,0,0,0,1,0,0,0,0,1 : 13.024
0,0,0,0,0,1,1,1,0,0,1,1,1,0,0,1,0,0,1,1,1,0,1,1,1,1,0,0,0,0,1,0,0,1,0,1,0,0,0 : 13.024
1,0,0,0,0,1,1,1,1,0,0,1,1,0,1,0,1,0,0,1,1,0,1,0,1,1,0,0,1,0,1,0,0,1,0,0,0,0,1 : 13.024
0,0,0,0,0,1,1,1,0,1,0,1,1,0,1,0,1,0,1,1,1,1,1,0,1,1,0,0,0,1,1,0,0,1,0,0,0,0,0 : 13.024
1,0,0,0,0,1,1,1,1,1,1,1,1,0,1,1,0,1,1,1,1,0,1,0,1,1,0,0,0,1,1,0,0,0,0,0,1,0,1 : 13.024
0,0,0,1,0,1,1,1,0,0,0,0,1,0,0,1,1,1,1,1,1,1,1,1,0,1,0,0,0,1,1,0,0,1,0,0,0,0,0 : 13.024
1,0,0,0,0,1,1,1,0,0,0,1,1,0,1,0,0,0,0,1,1,0,1,0,1,1,0,0,0,0,1,0,0,0,0,1,0,0,0 : 13.024
0,0,0,0,0,1,1,1,0,0,1,1,1,0,1,0,1,1,1,1,1,0,1,1,1,1,0,0,0,0,0,1,0,1,0,0,0,0,0 : 13.024
0,0,0,1,0,1,1,1,1,0,1,0,1,0,0,1,0,1,0,1,1,0,1,1,1,1,0,0,0,0,0,0,0,1,0,1,0,0,1 : 13.024
1,0,0,1,0,1,1,1,0,0,0,0,1,0,0,1,1,1,1,1,1,0,1,1,0,1,0,0,1,0,1,0,0,1,0,0,0,0,0 : 13.024
1,0,0,0,0,1,1,1,0,1,1,0,1,1,0,1,1,1,0,1,1,0,1,0,1,1,0,0,1,0,0,0,0,1,0,1,0,0,1 : 13.024
0,0,0,1,1,1,1,1,0,0,1,1,1,0,1,0,1,0,1,1,1,1,1,0,0,1,0,0,0,1,1,0,0,1,0,0,0,0,1 : 13.024
0,0,0,0,0,1,1,1,0,1,1,0,1,0,1,0,0,1,0,1,1,0,1,0,1,1,0,0,0,0,1,0,0,1,0,0,0,0,1 : 13.024
1,0,0,0,0,0,1,1,0,1,0,1,1,0,0,0,1,1,1,1,1,1,1,1,1,1,0,1,0,1,0,0,0,0,0,1,0,0,0 : 13.024
1,0,0,0,0,1,1,1,1,0,1,0,1,0,1,0,0,1,0,1,1,0,1,0,0,1,0,0,0,1,1,0,0,1,0,0,0,0,1 : 13.024
0,0,0,0,0,0,1,1,0,1,1,1,1,0,1,1,1,0,0,1,1,0,1,0,0,1,0,0,0,1,1,0,1,0,0,0,0,0,1 : 13.024
1,1,0,0,1,1,1,0,0,1,1,0,1,0,1,1,1,1,1,1,0,0,1,1,1,1,0,0,1,1,0,0,0,1,0,0,0,0,1 : 13.024
0,0,0,0,0,1,1,1,0,0,1,1,1,0,0,1,0,0,1,1,1,0,1,0,1,1,0,0,0,0,1,0,0,1,0,1,1,0,0 : 13.024
1,0,0,0,0,1,1,1,0,1,1,0,1,0,0,1,1,1,1,1,0,1,1,0,0,1,1,1,0,0,1,0,0,1,0,0,0,0,0 : 13.024
0,0,0,0,0,0,1,0,0,0,0,0,1,1,1,1,0,1,0,1,1,0,1,0,1,1,0,0,1,1,1,0,0,1,0,0,0,0,1 : 13.024
