1,1,0,1,0,1,0,0,1,0,0,0,0,1,1,0,0,0,0,1,0,0,1,1,0,0,0,0,1,0,0,0,0,1,0,0,0,0,1 : 13.168
1,1,0,1,0,1,0,0,1,0,0,0,0,1,1,0,0,0,0,1,0,0,1,1,0,0,0,0,1,0,0,0,0,1,0,0,0,0,1 : 13.168
1,0,1,1,0,0,0,1,1,0,0,1,0,1,0,0,0,1,1,1,0,0,1,1,1,1,0,0,0,0,0,0,1,1,1,1,0,0,0 : 13.1698
1,1,0,1,0,1,0,0,0,0,0,0,0,1,1,0,1,0,0,1,0,0,1,0,0,0,0,0,1,0,0,0,0,1,0,1,0,0,1 : 13.1698
1,0,1,1,0,0,0,1,1,0,0,1,0,1,0,0,0,1,1,1,0,0,1,1,1,1,0,0,0,0,0,0,1,1,1,1,0,0,0 : 13.1698
1,1,0,1,0,1,0,0,0,0,0,0,0,1,1,0,1,0,0,1,0,0,1,0,0,0,0,0,1,0,0,0,0,1,0,1,0,0,1 : 13.1698
0,0,1,1,0,0,0,0,0,1,1,1,0,0,0,0,0,1,1,1,1,0,0,0,0,1,0,0,1,1,0,0,0,0,0,0,0,1,0 : 13.176
0,0,0,1,0,0,0,1,1,0,1,0,0,0,1,0,0,0,0,1,1,0,1,0,0,0,0,0,0,0,0,0,1,1,0,1,0,1,1 : 13.176
0,0,1,1,0,0,0,0,0,1,1,1,0,0,0,0,0,1,1,1,1,0,0,0,0,1,0,0,1,1,0,0,0,0,0,0,0,1,0 : 13.176
0,0,0,1,0,0,0,1,1,0,1,0,0,0,1,0,0,0,0,1,1,0,1,0,0,0,0,0,0,0,0,0,1,1,0,1,0,1,1 : 13.176
1,1,0,0,0,1,1,1,1,1,0,0,1,0,1,0,1,0,1,1,1,0,1,0,1,1,0,1,1,0,0,1,0,1,0,1,1,1,0 : 13.2188
1,1,0,0,0,0,1,1,1,1,0,1,1,0,1,0,1,0,1,1,1,0,1,0,1,1,0,1,1,0,0,1,0,1,0,0,1,1,1 : 13.2188
1,1,0,0,0,1,1,1,1,1,0,0,1,0,1,0,1,0,1,1,1,0,1,0,1,1,0,1,1,0,0,1,0,1,0,1,1,1,0 : 13.2188
1,1,0,0,0,0,1,1,1,1,0,1,1,0,1,0,1,0,1,1,1,0,1,0,1,1,0,1,1,0,0,1,0,1,0,0,1,1,1 : 13.2188
0,0,0,0,0,1,0,1,1,1,1,1,0,0,0,1,0,1,0,0,0,0,1,1,0,0,0,1,0,0,1,0,1,1,0,1,0,1,1 : 13.2777
0,1,0,1,1,1,1,1,1,0,1,0,0,1,1,1,0,1,1,0,0,0,0,0,0,0,0,1,0,0,1,0,0,1,0,1,0,1,0 : 13.2777
0,0,0,0,0,1,0,1,1,1,0,1,0,0,0,1,0,0,1,0,1,0,0,1,0,0,0,0,1,1,1,0,1,0,0,0,0,1,1 : 13.2777
0,0,0,1,1,1,1,1,1,0,0,0,1,1,0,1,0,1,0,0,1,1,0,1,0,0,0,0,1,0,0,0,1,0,0,0,0,0,0 : 13.2777
1,0,0,1,0,0,1,1,1,0,0,0,0,0,1,1,0,0,1,0,0,1,1,0,0,0,1,0,0,1,0,1,0,1,0,0,0,1,0 : 13.2777
0,0,0,0,0,1,1,0,1,1,0,0,1,1,1,1,0,1,1,0,1,1,0,1,0,0,1,0,1,0,1,0,1,0,0,1,0,0,0 : 13.2777
1,0,0,1,0,1,1,1,1,0,0,1,1,0,1,1,0,0,1,0,0,0,1,0,1,0,1,0,1,0,0,0,0,1,0,1,0,0,0 : 13.2777
0,0,0,0,0,1,0,1,1,1,1,1,0,0,0,1,0,1,0,0,0,0,1,1,0,0,0,1,0,0,1,0,1,1,0,0,0,1,1 : 13.2777
0,1,0,1,1,1,1,1,1,0,1,0,0,1,1,1,0,1,1,0,0,1,0,0,0,0,0,1,0,0,1,0,0,1,0,1,0,1,0 : 13.2777
0,0,0,0,0,1,0,0,1,1,0,1,0,0,0,1,0,0,1,0,1,0,0,1,0,0,0,0,1,1,1,0,1,0,0,0,0,1,1 : 13.2777
0,0,0,1,1,1,1,1,1,0,0,0,1,1,0,1,1,1,1,0,1,1,0,1,0,0,0,0,1,0,0,0,0,0,0,0,0,0,0 : 13.2777
0,1,0,0,0,1,1,0,1,1,0,0,1,1,1,1,0,1,1,0,1,1,0,1,1,0,1,0,1,0,1,1,1,0,0,1,0,0,0 : 13.2777
1,1,0,1,0,0,0,0,0,1,0,1,0,0,0,1,0,0,1,0,1,0,0,1,1,0,1,1,0,1,0,0,1,1,0,0,1,0,0 : 13.2777
1,0,0,1,0,1,1,1,1,0,0,1,1,0,1,1,0,1,1,0,0,0,1,0,1,0,1,0,1,0,0,0,1,1,0,1,0,0,0 : 13.2777
1,0,0,0,1,1,1,1,0,0,0,0,0,0,1,1,0,1,0,0,0,1,0,0,0,0,1,0,0,1,0,0,0,1,1,0,0,1,0 : 13.2777
1,0,0,0,0,0,0,0,1,0,0,0,1,0,1,1,0,1,0,0,0,1,0,0,0,0,1,0,1,1,0,1,1,0,0,0,0,1,1 : 13.2777
0,0,0,0,0,1,0,1,1,1,1,1,0,0,0,1,0,1,0,0,0,0,1,1,0,0,0,1,0,0,1,0,1,1,0,1,0,1,1 : 13.2777
0,1,0,1,1,1,1,1,1,0,1,0,0,1,1,1,0,1,1,0,0,0,0,0,0,0,0,1,0,0,1,0,0,1,0,1,0,1,0 : 13.2777
0,0,0,0,0,1,0,1,1,1,0,1,0,0,0,1,0,0,1,0,1,0,0,1,0,0,0,0,1,1,1,0,1,0,0,0,0,1,1 : 13.2777
0,0,0,1,1,1,1,1,1,0,0,0,1,1,0,1,0,1,0,0,1,1,0,1,0,0,0,0,1,0,0,0,1,0,0,0,0,0,0 : 13.2777
1,0,0,1,0,0,1,1,1,0,0,0,0,0,1,1,0,0,1,0,0,1,1,0,0,0,1,0,0,1,0,1,0,1,0,0,0,1,0 : 13.2777
0,0,0,0,0,1,1,0,1,1,0,0,1,1,1,1,0,1,1,0,1,1,0,1,0,0,1,0,1,0,1,0,1,0,0,1,0,0,0 : 13.2777
1,0,0,1,0,1,1,1,1,0,0,1,1,0,1,1,0,0,1,0,0,0,1,0,1,0,1,0,1,0,0,0,0,1,0,1,0,0,0 : 13.2777
0,0,0,0,0,1,0,1,1,1,1,1,0,0,0,1,0,1,0,0,0,0,1,1,0,0,0,1,0,0,1,0,1,1,0,0,0,1,1 : 13.2777
0,1,0,1,1,1,1,1,1,0,1,0,0,1,1,1,0,1,1,0,0,1,0,0,0,0,0,1,0,0,1,0,0,1,0,1,0,1,0 : 13.2777
0,0,0,0,0,1,0,0,1,1,0,1,0,0,0,1,0,0,1,0,1,0,0,1,0,0,0,0,1,1,1,0,1,0,0,0,0,1,1 : 13.2777
0,0,0,1,1,1,1,1,1,0,0,0,1,1,0,1,1,1,1,0,1,1,0,1,0,0,0,0,1,0,0,0,0,0,0,0,0,0,0 : 13.2777
0,1,0,0,0,1,1,0,1,1,0,0,1,1,1,1,0,1,1,0,1,1,0,1,1,0,1,0,1,0,1,1,1,0,0,1,0,0,0 : 13.2777
1,1,0,1,0,0,0,0,0,1,0,1,0,0,0,1,0,0,1,0,1,0,0,1,1,0,1,1,0,1,0,0,1,1,0,0,1,0,0 : 13.2777
1,0,0,1,0,1,1,1,1,0,0,1,1,0,1,1,0,1,1,0,0,0,1,0,1,0,1,0,1,0,0,0,1,1,0,1,0,0,0 : 13.2777
1,0,0,0,1,1,1,1,0,0,0,0,0,0,1,1,0,1,0,0,0,1,0,0,0,0,1,0,0,1,0,0,0,1,1,0,0,1,0 : 13.2777
1,0,0,0,0,0,0,0,1,0,0,0,1,0,1,1,0,1,0,0,0,1,0,0,0,0,1,0,1,1,0,1,1,0,0,0,0,1,1 : 13.2777
0,1,0,1,0,0,0,1,0,1,0,1,0,0,0,1,0,0,0,1,0,0,0,1,0,1,0,1,0,0,1,0,1,1,0,0,1,1,0 : 13.324
0,1,0,1,0,0,0,1,0,1,0,1,0,0,0,1,0,0,0,1,0,0,0,1,0,1,0,1,0,0,1,0,1,1,0,0,1,1,0 : 13.324
1,1,0,0,0,1,0,1,0,0,0,1,0,1,0,0,0,0,1,0,0,1,1,1,0,1,0,1,0,0,1,0,1,1,0,0,0,1,1 : 13.3405
1,1,0,0,1,0,1,1,1,0,0,1,1,1,0,1,1,1,0,0,0,0,0,0,0,1,1,0,0,0,1,0,1,0,1,0,0,1,0 : 13.3405
1,0,0,0,1,1,1,1,0,0,0,1,0,0,1,0,0,1,0,0,0,1,0,0,0,1,0,0,0,1,0,0,0,1,1,0,0,1,0 : 13.3405
1,1,0,0,0,0,0,1,0,0,0,1,0,1,0,0,0,0,1,0,0,1,0,1,0,1,0,1,0,0,1,0,1,1,0,0,0,1,1 : 13.3405
1,1,0,0,1,1,0,1,1,0,0,1,0,1,0,1,1,1,0,0,0,0,0,0,0,1,1,0,0,0,1,0,1,0,1,0,0,1,0 : 13.3405
1,0,0,1,0,1,0,0,0,1,0,1,1,1,1,1,1,0,1,0,0,0,0,1,0,1,1,0,0,1,1,1,1,0,0,0,0,1,1 : 13.3405
1,1,0,0,0,1,0,1,0,0,0,1,0,1,0,0,0,0,1,0,0,1,1,1,0,1,0,1,0,0,1,0,1,1,0,0,0,1,1 : 13.3405
1,1,0,0,1,0,1,1,1,0,0,1,1,1,0,1,1,1,0,0,0,0,0,0,0,1,1,0,0,0,1,0,1,0,1,0,0,1,0 : 13.3405
1,0,0,0,1,1,1,1,0,0,0,1,0,0,1,0,0,1,0,0,0,1,0,0,0,1,0,0,0,1,0,0,0,1,1,0,0,1,0 : 13.3405
1,1,0,0,0,0,0,1,0,0,0,1,0,1,0,0,0,0,1,0,0,1,0,1,0,1,0,1,0,0,1,0,1,1,0,0,0,1,1 : 13.3405
1,1,0,0,1,1,0,1,1,0,0,1,0,1,0,1,1,1,0,0,0,0,0,0,0,1,1,0,0,0,1,0,1,0,1,0,0,1,0 : 13.3405
1,0,0,1,0,1,0,0,0,1,0,1,1,1,1,1,1,0,1,0,0,0,0,1,0,1,1,0,0,1,1,1,1,0,0,0,0,1,1 : 13.3405
0,0,0,1,0,0,1,1,1,1,1,1,0,1,1,1,0,0,0,1,0,0,1,1,0,1,0,1,0,0,1,0,1,0,0,0,0,0,1 : 13.3611
0,0,0,1,0,0,1,0,1,1,1,1,0,1,1,1,0,0,0,1,0,0,1,1,0,1,0,0,0,0,1,0,1,0,0,0,0,0,1 : 13.3611
0,0,0,1,0,0,1,1,1,1,1,1,0,1,1,1,0,0,0,1,0,0,1,1,0,1,0,1,0,0,1,0,1,0,0,0,0,0,1 : 13.3611
0,0,0,1,0,0,1,0,1,1,1,1,0,1,1,1,0,0,0,1,0,0,1,1,0,1,0,0,0,0,1,0,1,0,0,0,0,0,1 : 13.3611
0,1,0,1,1,1,1,1,0,1,0,0,1,0,0,0,1,1,1,0,1,1,0,0,1,1,0,0,1,0,0,1,0,1,0,0,1,0,1 : 13.5231
0,1,0,1,1,1,1,1,0,1,0,0,1,0,0,0,1,1,1,0,1,1,0,0,1,1,0,0,1,0,0,1,0,1,0,0,1,0,1 : 13.5231
1,1,0,1,0,1,0,1,1,0,0,0,0,0,1,1,0,0,1,0,0,1,1,1,0,1,0,0,0,0,1,0,0,1,0,1,1,0,1 : 13.5508
1,1,0,1,0,1,0,1,1,1,0,0,0,0,1,0,0,0,1,0,0,1,1,1,0,1,0,0,0,0,0,0,0,1,0,1,1,0,1 : 13.5508
1,1,0,1,0,1,0,1,1,0,0,0,0,0,1,1,0,0,1,0,0,1,1,1,0,1,0,0,0,0,1,0,0,1,0,1,1,0,1 : 13.5508
1,1,0,1,0,1,0,1,1,1,0,0,0,0,1,0,0,0,1,0,0,1,1,1,0,1,0,0,0,0,0,0,0,1,0,1,1,0,1 : 13.5508
1,1,0,0,1,1,0,0,0,0,0,1,0,0,0,0,1,0,1,0,1,0,1,1,0,0,0,0,0,1,1,0,1,1,0,1,1,1,1 : 13.5915
1,0,0,1,1,1,1,0,0,0,0,1,1,0,0,0,0,1,1,0,1,0,1,0,0,0,0,0,0,0,1,1,0,1,0,1,0,0,0 : 13.5915
1,1,0,0,1,1,0,0,0,0,0,1,0,0,0,0,1,0,1,0,1,0,1,1,0,0,0,0,0,1,1,0,1,1,0,1,1,1,1 : 13.5915
1,0,0,1,1,1,1,0,0,0,0,1,1,0,0,0,0,1,1,0,1,0,1,0,0,0,0,0,0,0,1,1,0,1,0,1,0,0,0 : 13.5915
1,1,0,0,0,1,0,1,1,1,1,0,0,0,0,1,1,1,1,0,1,0,1,1,0,1,0,1,1,0,0,0,1,0,0,0,1,1,0 : 13.607
0,1,0,1,1,0,1,1,0,1,0,1,1,1,0,1,1,0,0,0,1,1,0,0,0,1,1,0,1,0,1,0,0,0,0,0,0,1,1 : 13.607
1,1,0,0,1,1,1,0,0,0,1,0,0,0,1,1,0,1,1,0,1,1,1,0,1,1,0,0,1,1,0,1,0,1,0,0,1,1,0 : 13.607
1,1,0,0,1,1,0,1,0,0,0,1,0,0,0,0,0,1,1,0,0,0,1,1,1,1,0,0,1,0,1,0,1,0,0,0,1,1,0 : 13.607
1,1,0,0,1,1,0,0,1,0,0,1,0,0,0,1,0,0,0,0,1,1,1,0,0,1,0,0,1,1,1,0,1,1,0,0,1,1,1 : 13.607
1,1,0,0,0,1,0,1,1,1,1,0,1,0,0,1,1,1,1,0,0,0,0,1,0,1,0,1,1,0,0,0,0,0,0,0,1,1,0 : 13.607
1,1,0,1,1,0,1,1,0,1,0,1,1,1,1,1,1,0,0,0,1,1,0,1,0,1,1,0,1,0,1,0,0,0,0,0,0,1,1 : 13.607
1,1,0,1,1,1,1,0,0,0,1,1,0,0,1,1,0,1,1,0,1,1,1,0,1,1,0,0,1,1,1,1,0,1,0,0,1,1,0 : 13.607
1,0,0,0,1,1,0,1,0,0,0,1,0,0,0,0,0,1,1,0,0,0,1,1,1,1,0,0,1,0,0,0,1,0,0,0,1,1,0 : 13.607
1,1,0,0,1,1,0,0,1,0,0,0,0,0,0,1,0,0,0,0,1,0,1,1,1,1,0,0,1,1,1,0,0,1,0,0,1,1,1 : 13.607
1,1,0,0,0,1,0,1,1,1,1,0,0,0,0,1,1,1,1,0,1,0,1,1,0,1,0,1,1,0,0,0,1,0,0,0,1,1,0 : 13.607
0,1,0,1,1,0,1,1,0,1,0,1,1,1,0,1,1,0,0,0,1,1,0,0,0,1,1,0,1,0,1,0,0,0,0,0,0,1,1 : 13.607
1,1,0,0,1,1,1,0,0,0,1,0,0,0,1,1,0,1,1,0,1,1,1,0,1,1,0,0,1,1,0,1,0,1,0,0,1,1,0 : 13.607
1,1,0,0,1,1,0,1,0,0,0,1,0,0,0,0,0,1,1,0,0,0,1,1,1,1,0,0,1,0,1,0,1,0,0,0,1,1,0 : 13.607
1,1,0,0,1,1,0,0,1,0,0,1,0,0,0,1,0,0,0,0,1,1,1,0,0,1,0,0,1,1,1,0,1,1,0,0,1,1,1 : 13.607
1,1,0,0,0,1,0,1,1,1,1,0,1,0,0,1,1,1,1,0,0,0,0,1,0,1,0,1,1,0,0,0,0,0,0,0,1,1,0 : 13.607
1,1,0,1,1,0,1,1,0,1,0,1,1,1,1,1,1,0,0,0,1,1,0,1,0,1,1,0,1,0,1,0,0,0,0,0,0,1,1 : 13.607
1,1,0,1,1,1,1,0,0,0,1,1,0,0,1,1,0,1,1,0,1,1,1,0,1,1,0,0,1,1,1,1,0,1,0,0,1,1,0 : 13.607
1,0,0,0,1,1,0,1,0,0,0,1,0,0,0,0,0,1,1,0,0,0,1,1,1,1,0,0,1,0,0,0,1,0,0,0,1,1,0 : 13.607
1,1,0,0,1,1,0,0,1,0,0,0,0,0,0,1,0,0,0,0,1,0,1,1,1,1,0,0,1,1,1,0,0,1,0,0,1,1,1 : 13.607
0,1,1,1,0,0,0,1,0,1,1,0,0,0,0,0,0,1,1,1,1,1,0,0,0,1,0,0,1,1,0,0,0,0,0,0,0,0,0 : 13.6089
0,0,1,0,0,1,0,0,1,1,1,0,1,1,1,1,0,0,0,1,1,1,0,0,0,1,1,0,0,0,0,0,1,0,0,1,0,0,0 : 13.6089
0,1,1,1,0,0,0,1,0,1,1,0,0,0,0,0,0,1,1,1,1,1,0,0,0,1,0,0,1,1,0,0,0,0,0,0,0,0,0 : 13.6089
0,0,1,0,0,1,0,0,1,1,1,0,1,1,1,1,0,0,0,1,1,1,0,0,0,1,1,0,0,0,0,0,1,0,0,1,0,0,0 : 13.6089
1,0,0,1,0,1,0,0,0,1,0,1,1,0,0,1,0,1,0,1,1,0,0,0,1,1,0,0,1,0,1,0,1,1,0,0,0,0,1 : 13.6338
1,0,0,1,0,1,0,0,0,1,1,1,1,0,0,1,0,1,0,1,1,0,0,0,1,1,0,0,1,0,1,0,1,1,0,0,1,0,1 : 13.6338
