1,1,0,1,0,0,1,1,1,0,1,0,1,1,0,0 : 247.517
1,1,1,1,0,0,0,1,1,1,0,0,1,1,0,0 : 247.517
1,1,0,1,0,0,1,0,1,0,1,0,1,1,0,0 : 247.517
1,1,0,1,1,0,0,1,1,0,1,0,1,1,0,0 : 247.517
1,1,0,1,0,0,0,1,1,0,1,0,1,1,0,0 : 247.517
1,1,1,1,0,0,1,0,1,0,1,0,1,1,0,0 : 247.517
1,1,1,1,0,0,0,0,1,1,0,0,1,1,0,0 : 247.517
1,1,0,1,1,0,1,1,1,1,0,0,1,1,0,0 : 247.517
1,1,0,1,1,0,1,1,1,0,1,0,1,1,0,0 : 247.517
1,1,0,1,1,0,1,1,1,0,1,0,1,1,0,0 : 247.517
1,1,0,1,0,0,1,1,1,0,1,0,1,1,0,0 : 247.517
1,1,1,1,1,0,0,0,1,0,1,0,1,1,0,0 : 247.517
1,1,0,1,0,0,1,1,1,0,1,0,1,1,0,0 : 247.517
1,1,1,1,0,0,0,1,1,1,0,0,1,1,0,0 : 247.517
1,1,0,1,0,0,1,0,1,0,1,0,1,1,0,0 : 247.517
1,1,0,1,0,0,1,1,1,1,0,0,1,1,0,0 : 247.517
1,1,1,1,0,0,0,0,1,1,0,0,1,1,0,0 : 247.517
1,1,0,1,1,0,1,1,1,1,0,0,1,1,0,0 : 247.517
1,1,0,1,1,0,1,1,1,0,1,0,1,1,0,0 : 247.517
1,1,1,1,0,0,0,1,1,0,1,0,1,1,0,0 : 247.517
1,1,0,1,1,0,0,1,1,0,1,0,1,1,0,0 : 247.517
1,1,0,1,1,0,0,1,1,0,1,0,1,1,0,0 : 247.517
1,1,1,1,1,0,1,0,1,0,1,0,1,1,0,0 : 247.517
1,1,0,1,0,0,1,1,1,0,1,0,1,1,0,0 : 247.517
1,1,1,1,0,0,0,1,1,1,0,0,1,1,0,0 : 247.517
1,1,0,1,0,0,1,0,1,0,1,0,1,1,0,0 : 247.517
1,1,0,1,1,0,0,1,1,0,1,0,1,1,0,0 : 247.517
1,1,0,1,0,0,0,1,1,0,1,0,1,1,0,0 : 247.517
1,1,1,1,0,0,1,0,1,0,1,0,1,1,0,0 : 247.517
1,1,1,1,0,0,0,0,1,1,0,0,1,1,0,0 : 247.517
1,1,0,1,1,0,1,1,1,1,0,0,1,1,0,0 : 247.517
1,1,0,1,1,0,1,1,1,0,1,0,1,1,0,0 : 247.517
1,1,0,1,1,0,1,1,1,0,1,0,1,1,0,0 : 247.517
1,1,0,1,0,0,1,1,1,0,1,0,1,1,0,0 : 247.517
1,1,1,1,1,0,0,0,1,0,1,0,1,1,0,0 : 247.517
1,1,0,1,0,0,1,1,1,0,1,0,1,1,0,0 : 247.517
1,1,1,1,0,0,0,1,1,1,0,0,1,1,0,0 : 247.517
1,1,0,1,0,0,1,0,1,0,1,0,1,1,0,0 : 247.517
1,1,0,1,0,0,1,1,1,1,0,0,1,1,0,0 : 247.517
1,1,1,1,0,0,0,0,1,1,0,0,1,1,0,0 : 247.517
1,1,0,1,1,0,1,1,1,1,0,0,1,1,0,0 : 247.517
1,1,0,1,1,0,1,1,1,0,1,0,1,1,0,0 : 247.517
1,1,1,1,0,0,0,1,1,0,1,0,1,1,0,0 : 247.517
1,1,0,1,1,0,0,1,1,0,1,0,1,1,0,0 : 247.517
1,1,0,1,1,0,0,1,1,0,1,0,1,1,0,0 : 247.517
1,1,1,1,1,0,1,0,1,0,1,0,1,1,0,0 : 247.517
1,1,1,0,1,0,0,0,1,0,0,1,1,1,0,0 : 253.01
1,1,0,0,1,0,0,0,1,0,0,1,1,1,0,0 : 253.01
1,1,1,0,1,0,0,0,1,1,0,0,1,1,0,0 : 253.01
1,1,1,0,1,0,0,0,1,0,0,1,1,1,0,0 : 253.01
1,1,0,0,1,0,0,0,1,0,0,1,1,1,0,0 : 253.01
1,1,1,0,1,0,0,0,1,1,0,0,1,1,0,0 : 253.01
1,1,1,0,1,0,0,0,1,0,0,1,1,1,0,0 : 253.01
1,1,0,0,1,0,0,0,1,0,0,1,1,1,0,0 : 253.01
1,1,1,0,1,0,0,0,1,1,0,0,1,1,0,0 : 253.01
1,1,1,0,1,0,0,0,1,0,0,1,1,1,0,0 : 253.01
1,1,0,0,1,0,0,0,1,0,0,1,1,1,0,0 : 253.01
1,1,1,0,1,0,0,0,1,1,0,0,1,1,0,0 : 253.01
1,1,1,0,1,0,1,0,1,1,0,0,1,1,0,0 : 253.127
1,1,1,0,1,0,1,1,1,0,0,1,1,1,0,0 : 253.127
1,1,1,0,1,0,1,1,1,0,0,1,1,1,0,0 : 253.127
1,1,1,0,1,0,1,0,1,1,0,0,1,1,0,0 : 253.127
1,1,1,0,1,0,1,1,1,0,0,1,1,1,0,0 : 253.127
1,1,1,0,1,0,1,1,1,0,0,1,1,1,0,0 : 253.127
1,1,1,0,0,0,0,0,1,1,0,0,1,1,0,0 : 254.733
1,1,1,0,0,0,0,0,1,1,0,0,1,1,0,0 : 254.733
1,1,1,0,0,0,0,0,1,1,0,0,1,1,0,0 : 254.733
1,1,1,0,0,0,0,0,1,0,0,1,1,1,0,0 : 254.733
1,1,1,0,0,0,0,0,1,1,0,0,1,1,0,0 : 254.733
1,1,0,0,0,0,0,0,1,1,0,0,1,1,0,0 : 254.733
1,1,1,0,0,0,0,0,1,1,0,0,1,1,0,0 : 254.733
1,1,1,0,0,0,0,0,1,1,0,0,1,1,0,0 : 254.733
1,1,1,0,0,0,0,0,1,0,0,1,1,1,0,0 : 254.733
1,1,1,0,0,0,0,0,1,1,0,0,1,1,0,0 : 254.733
1,1,1,0,0,0,0,0,1,0,0,1,1,1,0,0 : 254.733
1,1,1,0,0,0,0,0,1,1,0,0,1,1,0,0 : 254.733
1,1,1,0,0,0,1,1,1,0,0,1,1,1,0,0 : 254.733
1,1,0,0,0,0,0,0,1,1,0,0,1,1,0,0 : 254.733
1,1,1,0,0,0,0,0,1,1,0,0,1,1,0,0 : 254.733
1,1,1,0,0,0,0,0,1,0,0,1,1,1,0,0 : 254.733
1,1,1,0,0,0,0,0,1,1,0,0,1,1,0,0 : 254.733
1,1,1,0,0,0,0,0,1,1,0,0,1,1,0,0 : 254.733
1,1,1,0,0,0,0,0,1,1,0,0,1,1,0,0 : 254.733
1,1,1,0,0,0,0,0,1,1,0,0,1,1,0,0 : 254.733
1,1,0,0,0,0,0,0,1,1,0,0,1,1,0,0 : 254.733
1,1,1,0,0,0,1,1,1,0,0,1,1,1,0,0 : 254.733
1,1,1,0,0,0,0,0,1,1,0,0,1,1,0,0 : 254.733
1,1,1,0,0,0,0,0,1,1,0,0,1,1,0,0 : 254.733
1,1,1,0,0,0,0,0,1,1,0,0,1,1,0,0 : 254.733
1,1,1,0,0,0,0,0,1,0,0,1,1,1,0,0 : 254.733
1,1,1,0,0,0,0,0,1,1,0,0,1,1,0,0 : 254.733
1,1,0,0,0,0,0,0,1,1,0,0,1,1,0,0 : 254.733
1,1,1,0,0,0,0,0,1,1,0,0,1,1,0,0 : 254.733
1,1,1,0,0,0,0,0,1,1,0,0,1,1,0,0 : 254.733
1,1,1,0,0,0,0,0,1,0,0,1,1,1,0,0 : 254.733
1,1,1,0,0,0,0,0,1,1,0,0,1,1,0,0 : 254.733
1,1,1,0,0,0,0,0,1,0,0,1,1,1,0,0 : 254.733
1,1,1,0,0,0,0,0,1,1,0,0,1,1,0,0 : 254.733
1,1,1,0,0,0,1,1,1,0,0,1,1,1,0,0 : 254.733
1,1,0,0,0,0,0,0,1,1,0,0,1,1,0,0 : 254.733
