1,0,0,0,0,0,0,0,1,0,0 : 202.9366
1,0,0,0,1,0,0,0,0,0,0 : 202.9366
1,0,0,0,0,0,0,0,1,1,0 : 202.9366
1,0,0,0,1,0,0,1,0,0,0 : 202.9366
1,0,0,0,0,0,0,1,1,0,0 : 202.9366
1,0,0,0,1,0,0,1,0,1,0 : 202.9366
1,0,0,0,1,1,0,1,0,1,0 : 202.9366
1,0,0,0,1,0,0,1,0,0,0 : 202.9366
1,0,0,0,0,1,0,0,0,0,0 : 202.9366
1,0,0,0,0,1,0,0,1,1,0 : 202.9366
1,0,0,0,0,0,0,1,1,1,0 : 202.9366
1,0,0,0,1,0,0,1,1,0,0 : 202.9366
1,0,0,0,1,0,0,0,0,1,0 : 202.9366
1,0,0,0,1,0,0,1,0,0,0 : 202.9366
1,0,0,0,0,1,0,1,0,1,0 : 202.9366
1,0,0,0,1,0,0,0,1,1,0 : 202.9366
1,0,0,0,1,0,0,1,0,0,0 : 202.9366
1,0,0,0,1,0,0,1,0,0,0 : 202.9366
1,0,0,0,1,0,0,1,0,1,0 : 202.9366
1,0,0,0,0,1,0,1,0,1,0 : 202.9366
1,0,0,0,1,0,0,1,0,0,0 : 202.9366
1,0,0,0,0,1,0,0,0,0,0 : 202.9366
1,0,0,0,0,1,0,0,1,1,0 : 202.9366
1,0,0,0,0,0,0,0,1,0,0 : 202.9366
1,0,0,0,1,0,0,0,0,0,0 : 202.9366
1,0,0,0,0,0,0,0,1,1,0 : 202.9366
1,0,0,0,1,0,0,1,0,0,0 : 202.9366
1,0,0,0,0,0,0,1,1,0,0 : 202.9366
1,0,0,0,1,0,0,1,0,1,0 : 202.9366
1,0,0,0,1,1,0,1,0,1,0 : 202.9366
1,0,0,0,1,0,0,1,0,0,0 : 202.9366
1,0,0,0,0,1,0,0,0,0,0 : 202.9366
1,0,0,0,0,1,0,0,1,1,0 : 202.9366
1,0,0,0,0,0,0,1,1,1,0 : 202.9366
1,0,0,0,1,0,0,1,1,0,0 : 202.9366
1,0,0,0,1,0,0,0,0,1,0 : 202.9366
1,0,0,0,1,0,0,1,0,0,0 : 202.9366
1,0,0,0,0,1,0,1,0,1,0 : 202.9366
1,0,0,0,1,0,0,0,1,1,0 : 202.9366
1,0,0,0,1,0,0,1,0,0,0 : 202.9366
1,0,0,0,1,0,0,1,0,0,0 : 202.9366
1,0,0,0,1,0,0,1,0,1,0 : 202.9366
1,0,0,0,0,1,0,1,0,1,0 : 202.9366
1,0,0,0,1,0,0,1,0,0,0 : 202.9366
1,0,0,0,0,1,0,0,0,0,0 : 202.9366
1,0,0,0,0,1,0,0,1,1,0 : 202.9366
1,0,0,0,0,1,1,0,0,0,0 : 204.73
1,0,0,0,0,1,1,0,1,1,0 : 204.73
1,0,0,0,0,1,1,0,0,0,0 : 204.73
1,0,0,0,0,0,1,1,1,0,0 : 204.73
1,0,0,0,0,1,1,0,0,1,0 : 204.73
1,0,0,0,0,1,1,0,0,0,0 : 204.73
1,0,0,0,0,1,1,0,0,0,0 : 204.73
1,0,0,0,0,0,1,0,0,1,0 : 204.73
1,0,0,0,0,1,1,0,0,0,0 : 204.73
1,0,0,0,0,1,1,0,0,0,0 : 204.73
1,0,0,0,0,1,1,0,0,0,0 : 204.73
1,0,0,0,0,1,1,0,0,0,0 : 204.73
1,0,0,0,0,0,1,0,0,0,0 : 204.73
1,0,0,0,0,0,1,0,0,0,0 : 204.73
1,0,0,0,1,0,1,0,1,1,0 : 204.73
1,0,0,0,0,0,1,1,0,0,0 : 204.73
1,0,0,0,0,1,1,0,0,0,0 : 204.73
1,0,0,0,0,1,1,0,0,0,0 : 204.73
1,0,0,0,0,1,1,0,0,0,0 : 204.73
1,0,0,0,0,1,1,0,0,1,0 : 204.73
1,0,0,0,0,0,1,0,0,0,0 : 204.73
1,0,0,0,0,1,1,0,0,1,0 : 204.73
1,0,0,0,0,1,1,0,0,0,0 : 204.73
1,0,0,0,0,1,1,0,0,0,0 : 204.73
1,0,0,0,0,1,1,0,0,0,0 : 204.73
1,0,0,0,0,1,1,0,0,0,0 : 204.73
1,0,0,0,0,1,1,0,0,0,0 : 204.73
1,0,0,0,0,0,1,0,0,0,0 : 204.73
1,0,0,0,1,0,1,0,1,1,0 : 204.73
1,0,0,0,0,1,1,0,1,1,0 : 204.73
1,0,0,0,0,1,1,0,0,0,0 : 204.73
1,0,0,0,0,1,1,0,0,0,0 : 204.73
1,0,0,0,0,0,1,1,1,0,0 : 204.73
1,0,0,0,0,1,1,0,0,1,0 : 204.73
1,0,0,0,0,1,1,0,0,0,0 : 204.73
1,0,0,0,0,1,1,0,0,0,0 : 204.73
1,0,0,0,0,0,1,0,0,1,0 : 204.73
1,0,0,0,0,1,1,0,0,0,0 : 204.73
1,0,0,0,0,1,1,0,0,0,0 : 204.73
1,0,0,0,0,1,1,0,0,0,0 : 204.73
1,0,0,0,0,1,1,0,0,0,0 : 204.73
1,0,0,0,0,0,1,0,0,0,0 : 204.73
1,0,0,0,0,0,1,0,0,0,0 : 204.73
1,0,0,0,1,0,1,0,1,1,0 : 204.73
1,0,0,0,0,0,1,1,0,0,0 : 204.73
1,0,0,0,0,1,1,0,0,0,0 : 204.73
1,0,0,0,0,1,1,0,0,0,0 : 204.73
1,0,0,0,0,1,1,0,0,0,0 : 204.73
1,0,0,0,0,1,1,0,0,1,0 : 204.73
1,0,0,0,0,0,1,0,0,0,0 : 204.73
1,0,0,0,0,1,1,0,0,1,0 : 204.73
1,0,0,0,0,1,1,0,0,0,0 : 204.73
1,0,0,0,0,1,1,0,0,0,0 : 204.73
1,0,0,0,0,1,1,0,0,0,0 : 204.73
