1,1,0,1,0,0,0,1,1,0,0,0,1,0,0,1,1,1,1,0,1,0,0,0,0,0,0,0,0,0,0,1,1,0,0,1,0,1,0 : 13.2777
0,0,0,1,0,0,1,0,0,0,0,1,0,0,0,0,1,0,0,1,1,0,1,1,0,0,0,0,1,1,1,0,1,0,0,1,0,1,1 : 13.176
1,0,0,0,1,0,0,1,0,0,1,1,1,0,1,0,0,0,1,1,0,1,0,0,0,0,1,0,0,0,1,0,0,0,1,0,0,1,0 : 13.7551
1,0,0,1,0,0,0,0,1,0,1,1,0,1,0,0,1,0,1,1,0,0,0,0,0,1,0,0,1,1,0,0,1,0,0,1,0,1,0 : 13.176
1,1,0,1,0,1,0,1,1,1,1,0,0,0,0,1,1,1,0,1,0,0,1,1,0,1,0,1,1,0,0,0,1,0,0,0,1,1,0 : 13.4263
0,1,0,0,0,1,1,1,1,0,0,1,0,1,0,1,0,1,1,0,1,0,0,0,0,0,1,0,0,0,0,0,0,0,0,0,1,1,0 : 13.2777
1,1,0,1,1,1,1,1,1,1,1,1,1,0,1,1,0,1,0,0,1,0,1,0,0,0,1,1,1,0,0,0,0,0,0,0,1,0,0 : 13.2777
1,1,0,0,0,0,0,1,1,0,1,0,1,1,0,1,0,1,0,0,0,1,0,1,1,0,1,0,0,0,1,0,0,1,1,0,1,0,0 : 13.2777
0,0,0,0,1,0,0,1,0,0,0,0,1,0,0,1,1,1,0,0,0,0,1,1,0,1,1,1,1,0,0,0,0,1,0,0,1,1,1 : 13.607
0,1,0,0,0,1,0,1,1,1,1,1,0,0,0,1,0,1,0,0,0,1,1,0,0,0,0,1,0,0,1,1,1,0,0,0,0,1,1 : 13.2777
0,1,0,1,1,1,1,0,1,0,1,0,0,1,1,1,0,1,0,0,0,1,0,0,0,0,0,1,0,0,1,0,0,1,0,1,0,1,0 : 13.2777
1,1,0,0,0,0,0,0,0,1,0,0,0,1,0,0,1,1,0,1,1,0,1,0,1,1,0,1,1,0,0,0,0,0,0,0,0,0,0 : 13.168
1,0,0,1,1,1,0,1,1,1,1,1,0,1,0,0,1,1,0,0,0,1,1,0,0,1,1,1,0,1,0,0,0,1,0,0,1,1,1 : 13.3405
0,0,0,0,1,0,0,0,0,0,1,1,0,0,1,0,0,0,1,1,1,0,1,1,1,1,0,0,0,0,1,0,0,1,0,1,0,1,1 : 13.8814
1,1,0,0,1,1,1,0,1,1,0,1,1,1,1,1,0,1,0,0,0,0,1,0,1,1,0,0,1,0,0,0,0,1,1,0,0,1,0 : 13.607
1,1,0,0,0,0,1,1,1,1,0,1,1,1,0,1,0,0,1,0,0,0,1,0,1,1,0,0,0,1,1,1,1,0,0,1,0,1,1 : 13.3405
0,1,0,0,0,1,1,0,1,1,0,0,1,1,1,1,0,0,1,1,1,1,1,0,0,0,1,0,0,1,0,0,0,1,0,1,0,0,0 : 13.9324
0,1,0,1,0,1,1,0,0,1,1,1,0,0,0,1,0,1,1,0,1,1,0,1,0,0,1,0,0,1,1,0,0,1,0,1,0,0,0 : 13.2777
1,0,0,1,0,0,1,0,0,1,0,0,0,0,0,1,1,0,1,1,0,0,0,0,0,0,0,0,1,0,0,0,1,1,0,1,0,1,1 : 13.1776
0,0,0,0,0,1,0,0,1,1,0,1,0,0,0,1,0,0,1,0,1,0,0,1,0,0,0,0,1,1,1,0,1,0,0,0,0,1,1 : 13.2777
0,1,0,0,1,1,1,1,1,1,0,1,1,1,0,1,0,1,0,0,0,1,0,0,1,0,1,1,0,1,0,0,1,0,0,1,0,1,1 : 13.2777
1,0,0,0,0,1,1,1,0,1,1,1,1,0,1,0,1,1,0,1,1,0,1,0,1,1,0,0,0,1,0,0,0,1,0,0,0,0,0 : 13.024
1,0,0,0,1,0,1,1,1,1,1,1,0,1,1,1,1,1,0,0,0,1,0,1,1,1,0,0,1,1,1,0,1,1,0,0,1,0,0 : 13.5231
1,0,0,1,1,0,1,0,0,0,1,1,1,0,0,0,0,1,0,0,1,0,1,0,0,0,0,0,0,0,1,1,0,1,0,1,0,0,0 : 13.87
0,0,0,0,0,0,0,0,1,1,1,0,0,1,0,0,0,0,0,1,0,0,1,1,0,0,0,1,0,0,1,0,0,1,1,0,0,0,1 : 13.168
1,1,0,0,0,0,1,1,1,0,1,0,1,0,0,1,0,1,1,0,1,0,1,0,0,1,1,0,0,1,0,0,1,0,0,0,0,1,1 : 13.3405
0,1,0,0,0,1,0,1,0,0,0,0,0,0,0,1,0,0,0,0,0,0,0,1,0,0,0,0,0,0,1,0,1,0,0,0,0,1,0 : 13.2777
0,1,0,1,0,0,0,0,1,1,0,0,0,1,0,0,0,1,0,1,0,0,1,0,0,1,1,0,0,1,1,0,0,1,0,1,0,0,0 : 13.1698
0,1,0,0,0,0,0,0,1,1,1,0,0,0,1,0,0,0,1,0,1,1,0,1,0,0,1,0,1,1,1,1,1,0,0,1,0,0,0 : 13.8915
1,1,0,1,0,1,0,1,0,0,1,1,0,1,0,1,0,0,0,0,0,0,1,1,0,0,0,0,0,0,1,0,0,0,0,0,0,1,1 : 13.2777
1,0,0,1,1,0,0,0,1,0,0,0,1,0,1,1,0,0,0,0,1,1,0,1,0,1,1,0,0,1,0,1,1,0,0,0,0,1,1 : 13.3405
1,0,0,1,0,1,0,1,1,0,1,0,1,1,1,0,1,1,1,1,1,0,0,0,1,0,1,0,0,1,1,0,0,1,0,0,0,1,1 : 13.7551
1,0,0,1,0,0,0,0,0,1,1,0,1,1,1,1,0,0,0,0,0,0,0,0,0,0,1,0,0,1,0,0,0,1,0,0,1,1,1 : 13.2777
0,0,0,1,0,1,0,0,0,0,1,1,0,0,0,0,0,1,1,1,0,0,0,0,0,0,0,0,0,1,0,0,0,0,0,1,0,1,0 : 13.176
1,0,0,1,0,0,0,1,1,0,1,1,1,0,1,1,0,0,0,0,0,0,0,1,1,0,1,0,0,0,1,0,0,1,0,1,0,1,1 : 13.2777
1,0,0,0,0,1,1,0,1,1,0,0,1,0,0,0,0,0,1,1,0,1,1,1,1,1,0,0,1,0,1,0,0,1,1,1,0,0,0 : 13.024
1,1,1,0,0,1,0,0,1,1,1,1,1,0,1,1,0,1,1,1,0,0,0,1,0,0,0,0,0,1,1,0,0,0,0,1,0,0,0 : 14.5561
0,1,0,0,0,1,1,1,1,1,0,1,0,0,0,1,1,0,0,0,1,0,1,1,0,1,0,0,0,0,0,1,1,0,0,1,1,1,1 : 13.3405
0,0,1,1,0,0,0,0,0,1,1,1,0,0,0,0,0,1,1,1,1,0,0,0,1,1,0,0,1,1,0,0,0,0,0,0,0,1,0 : 13.176
0,0,0,1,1,1,1,1,1,0,0,0,1,1,0,1,0,1,1,0,1,1,0,1,0,0,0,0,1,0,0,0,1,0,0,0,0,0,0 : 13.2777
0,0,0,0,0,1,1,0,1,0,0,0,0,0,1,1,0,0,0,0,0,1,0,1,0,0,0,0,1,1,0,1,1,0,0,1,0,0,1 : 13.2777
0,0,0,0,0,0,0,0,1,0,0,0,0,0,1,1,0,1,1,0,0,1,1,0,0,1,1,1,0,1,0,1,0,1,0,0,0,0,0 : 13.5231
1,0,0,1,0,0,0,0,0,1,0,0,0,0,0,1,1,1,0,0,1,0,1,1,1,0,1,0,1,0,1,0,1,1,0,0,0,1,1 : 13.2777
1,0,0,1,0,1,1,1,1,0,0,0,0,0,1,1,0,0,1,0,0,1,1,0,0,0,1,0,0,1,1,1,0,1,0,0,0,1,0 : 13.2777
1,1,1,1,0,0,0,1,0,0,1,1,1,1,1,1,1,0,1,1,0,0,1,0,0,1,0,0,1,1,1,0,0,0,0,0,0,1,1 : 13.1776
1,0,0,1,0,0,0,1,1,1,0,1,0,0,0,0,1,0,1,1,1,1,0,0,1,1,0,0,1,1,0,0,0,0,0,1,0,1,1 : 13.176
1,0,0,0,0,0,0,1,1,1,0,0,1,1,1,1,0,0,1,1,0,0,0,0,0,1,0,0,1,0,1,0,0,0,0,1,0,1,0 : 13.1776
1,0,0,1,0,1,0,0,1,0,0,1,0,1,1,0,1,0,1,0,1,1,1,0,0,1,1,0,0,1,0,1,1,0,0,0,1,1,0 : 13.3405
0,1,0,1,0,0,0,1,1,1,0,0,0,0,1,1,0,1,1,0,0,1,1,1,0,0,0,0,1,0,0,0,0,1,0,1,1,0,1 : 13.2777
0,1,1,0,1,0,0,0,0,0,1,0,0,0,1,1,0,0,1,1,1,0,0,1,0,0,0,0,1,0,0,0,0,1,0,1,0,1,0 : 13.8814
1,1,0,1,0,1,0,1,0,0,1,1,1,1,1,1,1,0,0,1,0,1,0,1,0,1,0,0,1,0,1,1,0,1,0,0,0,1,1 : 13.324
1,0,0,1,0,0,1,0,0,1,0,0,0,0,1,1,0,0,1,0,0,0,1,1,1,0,1,0,0,1,0,0,0,0,0,0,1,1,0 : 13.2777
1,0,1,1,0,0,0,1,1,0,0,1,0,1,1,0,0,1,1,1,0,0,1,0,1,1,0,0,0,0,0,0,1,0,1,1,0,0,0 : 13.1698
0,1,0,0,1,0,0,1,0,1,1,1,1,1,1,1,1,1,0,0,1,1,0,1,0,0,1,0,1,0,1,0,0,0,0,0,0,1,1 : 13.2777
1,1,0,0,0,1,0,1,1,1,1,0,0,1,1,0,0,1,0,1,1,1,1,0,0,0,0,0,1,1,1,0,0,1,0,0,1,1,0 : 13.2188
0,1,0,0,0,1,1,0,1,1,0,0,0,1,1,1,0,1,1,0,1,1,0,1,0,0,1,0,1,0,1,0,1,0,1,1,0,0,0 : 13.2777
1,0,0,1,1,1,0,0,0,1,0,0,0,1,0,1,0,0,0,1,0,0,1,1,0,1,1,0,0,0,1,0,1,1,0,0,0,0,1 : 13.168
1,1,0,0,1,1,0,0,0,0,0,1,0,0,0,0,1,0,1,0,1,0,1,1,0,0,0,0,0,1,1,0,1,1,0,1,1,0,1 : 13.5915
0,1,0,0,1,1,0,0,0,0,1,1,0,1,0,0,0,0,1,0,1,0,0,1,0,1,0,0,0,0,0,0,1,1,0,0,0,1,0 : 13.3405
0,1,0,1,0,0,0,0,1,1,0,0,0,1,1,1,0,1,1,0,0,1,0,1,0,0,1,0,1,0,0,1,1,0,0,0,0,0,0 : 13.2777
1,1,0,1,0,1,0,1,0,0,0,1,1,1,0,1,1,1,1,0,0,0,1,1,0,0,1,0,1,0,1,0,1,1,0,0,1,0,1 : 13.2777
0,0,0,1,1,0,0,0,1,0,1,1,0,1,1,1,1,0,1,0,1,1,0,0,1,0,1,1,0,1,0,1,1,0,0,0,0,0,0 : 13.2777
1,0,0,1,1,1,1,0,0,0,1,0,0,0,1,1,0,1,1,0,1,0,0,0,1,1,0,0,0,1,0,1,0,1,0,0,0,1,0 : 13.3405
1,0,1,1,0,0,0,0,1,1,1,0,1,0,0,1,1,0,1,1,1,0,0,1,0,1,1,0,1,0,1,0,0,0,1,0,1,0,0 : 13.6338
0,0,0,0,0,1,1,1,0,0,0,1,0,1,0,1,1,1,1,1,0,0,0,1,0,1,0,0,0,0,1,0,1,0,1,0,0,1,0 : 13.1776
0,0,0,1,0,0,0,1,0,0,0,0,0,0,0,0,1,0,0,1,0,1,1,0,0,0,1,1,0,1,0,0,1,0,0,1,0,0,1 : 13.1698
0,0,0,1,0,0,0,1,0,0,1,0,1,0,1,0,0,0,0,1,1,0,0,0,0,0,0,0,0,0,0,0,1,1,0,1,0,1,1 : 13.176
1,1,0,0,0,0,0,0,1,1,0,0,0,0,0,1,0,0,1,0,1,0,0,1,1,0,1,1,0,1,0,0,1,1,0,0,1,0,0 : 13.2777
1,0,0,0,1,1,0,1,0,0,0,1,0,0,0,0,0,1,1,0,0,0,1,0,1,1,0,1,1,0,0,1,1,0,0,0,1,1,0 : 13.607
1,1,0,0,1,1,0,0,1,1,0,1,1,0,0,0,0,0,0,0,1,0,1,1,0,1,0,0,0,1,1,0,0,1,0,0,1,1,1 : 13.3405
1,0,0,1,0,0,0,1,1,0,1,1,1,1,0,0,1,1,1,0,1,1,0,0,0,1,1,0,1,1,1,0,1,1,0,0,1,1,0 : 13.607
1,1,0,1,0,0,0,1,0,0,0,1,0,0,1,0,0,0,0,1,1,0,1,0,0,0,0,0,0,0,0,0,0,1,0,0,0,1,1 : 13.2188
0,0,1,0,1,0,0,0,1,1,1,0,0,1,1,0,1,1,1,1,1,1,0,1,0,0,0,0,0,1,0,0,1,1,0,0,1,0,1 : 13.6089
0,1,0,0,0,0,0,1,0,0,1,1,1,1,0,1,0,0,1,0,1,0,1,0,0,0,1,0,0,1,0,0,1,0,0,1,1,1,0 : 13.2777
0,0,0,1,0,1,0,1,0,1,0,0,0,0,0,0,0,1,1,1,1,1,1,1,0,0,0,0,1,0,1,0,0,1,0,0,1,1,1 : 13.176
0,1,1,0,0,1,0,1,0,1,1,1,1,1,0,0,0,0,1,1,1,1,1,1,0,1,0,0,0,1,0,0,1,0,0,0,1,0,1 : 13.9921
0,0,0,1,0,1,1,1,1,0,1,0,0,0,1,0,1,0,1,0,1,1,0,1,0,1,1,0,1,0,0,0,0,0,0,1,1,1,0 : 13.607
1,1,0,1,0,1,1,1,0,1,1,1,1,1,1,1,0,0,1,0,1,0,0,0,0,0,0,0,0,0,0,1,1,0,0,1,0,1,0 : 13.2777
1,1,0,0,1,0,1,0,1,0,1,1,0,1,0,1,0,1,0,0,0,0,1,0,1,0,1,1,0,1,0,1,1,0,0,0,1,1,1 : 13.2777
0,1,0,1,0,0,0,1,0,0,0,0,1,1,1,0,0,1,1,0,0,1,0,1,0,1,1,0,1,1,1,0,0,1,0,1,1,0,1 : 13.5231
1,1,0,1,0,1,0,0,0,0,0,0,0,1,1,0,1,0,0,1,0,0,1,1,0,0,0,0,1,0,0,0,0,1,0,0,0,0,1 : 13.168
0,0,0,1,1,1,0,0,1,0,1,1,1,1,1,1,0,1,0,0,1,0,0,0,0,0,1,0,0,0,1,1,1,0,0,1,1,1,0 : 13.2777
0,0,0,0,1,0,0,0,1,0,1,0,0,0,0,1,0,1,0,0,0,1,1,0,0,0,1,0,1,0,0,0,1,0,1,0,0,0,1 : 13.2777
1,0,0,0,1,0,1,0,0,0,0,0,1,0,1,0,0,0,1,0,1,1,0,0,0,1,1,0,1,0,0,1,0,1,0,1,0,0,0 : 13.5508
0,0,0,1,0,0,1,1,1,0,0,0,0,1,1,0,0,0,0,1,0,0,0,1,0,0,1,0,1,1,1,0,1,1,0,0,1,1,0 : 13.8644
0,0,0,1,0,0,1,1,0,0,1,1,0,0,1,0,0,1,1,1,0,0,0,0,0,0,0,1,1,0,0,0,0,0,0,1,1,1,0 : 13.176
0,1,0,1,1,1,1,1,0,0,0,0,1,0,0,0,1,1,1,0,1,1,0,0,1,1,0,0,1,0,0,1,0,1,0,0,1,0,1 : 13.5231
1,0,0,1,0,1,1,1,1,0,0,1,1,0,1,1,0,1,1,0,0,0,1,0,1,0,1,0,1,0,0,0,1,1,0,1,0,0,0 : 13.2777
0,1,0,1,1,0,0,1,0,0,0,1,1,0,1,0,1,1,0,1,1,0,0,0,0,0,0,1,1,0,0,0,0,0,0,0,0,0,1 : 13.8408
0,0,0,0,0,1,0,1,1,0,1,0,0,1,1,1,0,0,0,0,1,0,1,1,0,1,0,0,0,1,1,0,1,0,0,1,1,1,1 : 13.3405
1,1,0,0,1,1,1,0,0,1,0,1,1,0,1,1,0,0,0,0,1,0,1,0,0,0,1,1,0,0,1,1,1,0,0,0,0,1,0 : 13.2777
1,1,0,1,0,1,0,0,0,1,1,1,1,0,0,0,0,1,1,0,1,1,0,0,1,1,0,0,1,1,1,0,1,1,0,1,0,0,0 : 13.5231
0,0,0,1,1,1,0,1,0,1,1,0,1,0,0,1,0,1,1,0,0,1,0,1,1,1,0,0,1,0,1,1,1,0,0,0,0,0,0 : 13.8387
0,1,0,0,1,0,0,1,1,1,1,1,0,0,0,1,0,0,0,0,0,0,1,0,0,0,0,1,0,1,0,0,1,1,0,1,1,1,0 : 13.2777
1,0,0,1,1,0,1,0,0,1,1,1,1,1,0,1,1,0,0,1,1,0,0,1,0,0,0,0,1,1,1,1,1,0,0,1,1,0,1 : 16.0462
0,1,0,0,0,0,1,0,0,1,0,0,1,0,1,1,0,0,0,0,1,1,1,1,0,0,1,0,0,1,1,0,0,1,1,0,0,1,0 : 13.2777
1,0,0,0,1,1,1,1,0,1,0,1,0,0,1,0,0,1,0,0,0,1,0,0,0,1,0,0,0,1,0,0,0,0,1,0,0,1,0 : 13.3405
0,1,0,0,0,0,0,1,0,0,1,1,1,1,1,1,0,1,0,0,0,0,1,1,0,0,0,0,1,1,1,0,0,0,0,1,0,0,1 : 13.2777
0,0,0,1,0,0,1,1,0,0,1,0,0,0,0,0,1,0,0,1,0,0,0,1,1,1,0,0,1,0,0,1,0,1,0,0,0,1,1 : 13.176
0,1,0,1,0,0,1,0,0,1,0,1,0,1,1,1,1,1,1,0,0,0,0,1,0,0,1,0,0,1,1,1,1,0,0,0,0,1,0 : 13.2777
