1,1,0,1,0,1,0,1,1,0,1,1,0,0,0,1,1,0,1,0,1,0,0,0,0,0,0,0,0,0,0,0,0,0,1,0,0,1,0 : 13.2777
0,1,0,0,0,0,0,0,0,1,0,1,0,0,0,0,1,1,1,1,1,1,1,0,0,0,0,0,0,0,1,0,1,1,0,1,0,0,1 : 13.1698
1,1,0,1,0,0,0,1,0,1,0,1,1,1,0,0,0,0,0,0,1,0,0,1,0,1,1,0,1,0,1,0,1,1,0,1,1,1,1 : 13.607
1,1,0,1,0,0,1,0,0,1,1,1,1,1,1,0,1,0,0,1,1,0,0,1,1,1,0,0,0,0,0,0,1,0,0,0,0,1,1 : 13.2188
0,1,0,1,1,1,1,1,1,1,1,0,1,1,0,1,1,0,0,0,0,0,1,1,0,0,0,0,1,0,0,0,1,0,0,0,1,0,0 : 13.2777
0,1,0,0,0,1,1,1,1,0,0,0,0,1,1,1,0,1,1,0,0,0,1,0,1,0,1,1,0,1,0,0,0,0,0,0,1,0,0 : 13.2777
1,1,0,1,1,1,1,0,1,1,1,0,1,0,1,1,0,0,0,1,1,0,1,0,0,0,0,1,1,0,0,0,0,1,0,0,1,1,0 : 13.8814
1,1,0,0,0,0,1,0,1,1,1,1,0,0,1,1,0,1,1,0,0,1,0,1,1,0,1,0,0,0,1,1,0,1,0,0,1,0,0 : 13.2777
0,0,0,0,0,0,1,0,1,0,1,0,1,1,0,0,1,0,0,1,0,0,1,0,0,0,0,1,1,0,0,0,0,1,0,0,0,1,1 : 13.176
0,0,0,1,0,0,0,0,1,1,1,1,0,0,1,0,0,1,0,1,0,1,1,0,0,0,0,1,0,0,1,1,1,0,0,0,0,1,1 : 13.176
0,1,0,1,1,1,1,0,1,0,1,0,0,1,1,1,0,1,0,0,0,1,0,0,0,0,0,1,0,0,1,0,0,1,0,1,0,1,0 : 13.2777
1,1,0,1,0,0,1,1,1,1,0,0,1,0,1,1,1,0,1,1,1,0,1,0,1,1,0,0,0,0,0,1,0,1,0,0,1,1,0 : 13.1776
1,0,0,1,1,0,0,1,1,1,1,1,0,0,0,0,1,1,0,1,1,0,1,0,0,1,1,1,0,1,0,0,0,1,0,0,1,1,1 : 13.7551
0,0,0,0,1,1,0,1,0,0,1,1,0,0,0,0,0,0,0,0,1,0,0,1,0,1,0,0,0,0,0,0,1,1,0,1,0,1,1 : 13.3405
0,1,0,1,1,1,1,0,1,1,0,1,1,1,0,0,0,1,0,0,0,1,1,1,1,1,0,0,1,0,0,0,1,1,1,1,0,0,0 : 13.5231
1,1,0,0,0,0,1,1,1,0,1,1,1,1,0,0,0,0,1,1,0,0,1,1,0,1,1,0,0,1,1,0,1,1,0,1,0,0,1 : 13.024
0,0,0,0,0,1,0,0,1,0,1,0,1,1,0,1,0,0,0,1,1,0,1,0,0,0,0,0,0,1,0,1,0,1,0,0,0,1,0 : 13.4263
0,0,0,1,1,1,1,0,0,1,1,0,0,0,0,1,0,1,0,0,1,1,0,1,0,0,1,0,0,1,1,0,0,0,0,1,0,0,1 : 13.2777
0,0,0,1,0,0,1,1,0,0,1,1,1,0,1,0,0,0,1,1,0,0,0,0,0,1,0,0,0,0,0,0,1,1,0,0,0,1,0 : 13.176
0,0,1,0,0,1,0,1,1,1,0,1,0,0,0,1,0,0,1,1,1,0,0,1,0,0,0,0,1,1,0,0,1,0,0,0,0,1,1 : 13.1776
0,1,0,0,1,1,1,1,1,1,0,1,1,1,0,1,0,1,0,0,0,1,0,0,1,0,1,1,0,1,0,0,1,0,0,1,0,1,1 : 13.2777
1,0,0,0,0,1,1,1,0,1,1,1,1,0,1,0,1,1,0,1,1,0,1,0,1,1,0,0,0,1,0,0,0,1,0,0,0,0,0 : 13.024
0,1,0,0,1,0,1,1,1,1,1,1,1,1,1,0,0,1,0,1,1,1,1,1,1,1,0,0,1,1,1,0,1,1,0,1,0,0,0 : 13.024
1,0,0,1,1,0,1,0,1,0,1,1,1,0,1,1,0,1,1,1,1,0,1,1,0,1,1,1,0,0,1,1,0,1,0,1,1,0,0 : 13.024
0,0,0,0,0,1,0,1,0,1,1,1,1,1,0,0,0,0,0,1,0,1,0,0,0,0,1,1,0,0,1,0,0,1,0,1,0,1,1 : 13.7551
1,1,0,0,0,0,0,1,0,0,1,1,1,0,0,0,0,1,0,0,1,1,0,0,0,1,0,0,1,1,0,0,0,0,0,0,1,1,0 : 13.607
0,1,0,1,0,0,0,1,0,0,0,1,1,0,0,1,0,0,1,1,1,0,0,1,1,1,0,1,0,0,1,0,1,1,0,0,1,1,0 : 13.1776
1,0,0,0,0,0,0,0,1,1,1,1,1,1,0,1,0,1,0,0,0,0,0,1,0,0,1,0,0,0,1,0,0,0,0,0,1,0,0 : 13.2777
0,0,0,0,0,0,0,0,1,1,0,0,1,1,1,0,0,0,1,1,1,1,1,1,0,0,0,0,1,1,0,1,1,0,0,1,1,1,1 : 13.176
0,0,0,0,0,0,0,1,1,1,1,1,1,1,0,1,0,0,1,1,1,1,1,1,0,0,0,1,0,0,1,0,0,1,0,0,1,1,1 : 13.1776
1,0,0,1,1,0,0,0,1,0,0,0,1,0,1,1,0,1,0,0,1,1,0,1,0,0,0,0,1,1,0,1,1,0,0,0,0,1,1 : 13.2777
1,0,0,1,0,1,0,1,1,0,1,0,1,1,1,0,1,1,1,1,1,0,0,0,1,0,1,0,0,1,1,0,0,1,0,0,0,1,1 : 13.7551
1,0,0,1,0,0,0,0,0,1,1,0,1,1,1,1,0,0,0,0,0,0,0,0,0,0,1,0,0,1,0,0,0,1,0,0,1,1,1 : 13.2777
1,1,1,0,0,1,0,0,1,0,0,0,0,0,0,0,0,1,0,0,0,1,1,1,0,1,0,1,0,1,0,0,0,1,0,0,0,1,0 : 14.1806
1,0,0,1,0,0,0,0,1,0,1,1,1,0,0,1,0,0,0,0,0,0,0,1,1,0,1,0,1,0,1,0,0,1,0,0,1,1,1 : 13.2777
1,0,0,1,0,1,1,0,0,0,1,0,1,0,1,0,1,0,0,0,0,0,1,1,0,1,1,0,1,0,1,0,0,0,0,0,0,1,1 : 13.607
1,1,0,0,0,1,1,0,1,1,1,0,1,0,0,1,0,1,1,0,0,1,0,1,0,0,0,1,0,1,0,0,0,1,0,0,0,0,0 : 13.2777
1,0,0,0,0,1,0,0,1,1,0,1,1,0,0,1,1,0,1,1,1,1,0,1,0,0,0,0,0,0,0,1,1,0,0,0,0,1,1 : 13.1776
0,0,1,1,0,0,0,0,0,1,1,1,0,0,0,0,0,1,1,1,1,0,0,0,1,1,0,0,1,1,0,0,0,0,0,0,0,1,0 : 13.176
0,0,0,1,1,1,1,1,1,0,0,0,1,1,0,1,0,1,1,0,1,1,0,1,0,0,0,0,1,0,0,0,1,0,0,0,0,0,0 : 13.2777
0,0,0,1,0,1,1,0,0,1,1,0,1,0,1,1,0,1,0,0,0,1,1,0,0,1,1,1,1,0,0,1,1,0,0,0,0,0,1 : 13.8387
1,0,0,1,0,0,1,1,0,1,1,0,0,0,0,1,0,0,1,1,1,0,1,0,0,1,0,1,0,1,0,0,0,0,0,1,0,1,1 : 13.1776
1,0,0,1,0,0,0,0,0,1,0,0,0,0,0,1,1,1,0,0,1,0,1,1,1,0,1,0,1,0,1,0,1,1,0,0,0,1,1 : 13.2777
1,0,0,1,0,1,1,1,1,0,0,0,0,0,1,1,0,0,1,0,0,1,1,0,0,0,1,0,0,1,1,1,0,1,0,0,0,1,0 : 13.2777
1,1,0,1,1,0,0,1,0,0,1,1,1,1,1,1,0,0,0,0,0,1,1,0,0,0,0,0,0,1,1,0,1,1,0,1,0,1,1 : 13.2777
1,0,0,0,1,0,0,0,1,1,0,1,1,0,0,0,0,0,1,0,1,1,0,0,1,1,0,0,0,1,0,0,0,1,0,0,0,1,1 : 13.3405
0,0,0,0,0,1,0,0,1,1,1,1,1,1,0,1,0,0,1,0,1,1,1,0,0,1,1,0,0,0,0,1,1,0,0,1,1,1,0 : 13.3405
1,0,0,1,0,1,1,0,1,0,0,1,1,1,0,1,0,0,0,1,1,1,1,0,0,1,1,0,0,1,1,0,1,1,0,0,1,0,1 : 13.024
0,1,0,1,0,0,0,1,1,1,0,0,0,0,1,1,0,1,0,0,0,0,0,1,0,0,0,1,0,1,0,0,0,1,0,1,1,0,1 : 13.2777
0,1,0,1,1,0,0,0,0,0,1,1,1,0,1,1,0,0,1,0,0,0,0,1,0,1,0,0,1,0,0,1,0,1,1,0,0,1,0 : 13.607
0,0,0,0,0,0,1,1,0,0,0,1,1,0,0,1,1,1,0,0,0,1,0,0,0,1,0,0,1,1,0,0,0,0,0,0,1,0,1 : 13.7669
1,0,0,1,0,0,1,0,1,1,1,1,0,0,0,0,1,0,1,0,0,1,1,1,0,1,0,0,0,1,0,0,1,1,0,1,0,1,1 : 13.3405
1,0,1,1,0,0,0,1,1,0,0,1,0,1,1,0,0,1,1,1,0,0,1,0,1,1,0,0,0,0,0,0,1,0,1,1,0,0,0 : 13.1698
0,1,0,0,1,0,1,0,1,1,0,1,0,1,1,1,1,0,1,0,0,1,0,1,0,1,1,0,0,0,1,0,0,0,0,1,0,1,0 : 13.3405
1,1,0,1,0,1,1,1,1,1,0,0,0,0,0,1,0,0,1,1,0,0,1,0,0,1,0,0,0,0,1,0,0,1,0,0,1,1,1 : 13.1776
0,1,0,0,0,1,1,0,1,1,0,0,0,1,1,1,0,1,1,0,1,1,0,1,0,0,1,0,1,0,1,0,1,0,1,1,0,0,0 : 13.2777
0,0,0,1,0,1,1,1,1,1,1,1,1,1,1,1,0,1,0,1,0,1,0,1,0,0,0,1,0,1,0,0,1,0,0,0,0,1,1 : 13.324
1,1,0,1,0,1,0,0,0,0,0,1,0,1,0,0,1,0,1,1,1,0,1,1,0,0,0,0,0,1,1,0,1,1,0,1,0,1,1 : 13.2188
1,1,0,0,1,1,0,1,1,1,1,1,1,1,0,1,0,0,1,0,1,0,0,1,0,0,0,0,1,0,1,0,1,0,0,0,0,1,0 : 13.2777
0,1,0,0,0,0,0,0,1,1,0,0,0,1,1,1,0,0,1,0,0,1,1,1,0,0,1,1,1,0,0,0,1,1,0,0,0,0,0 : 13.2777
0,1,0,1,0,1,0,1,0,1,0,1,0,1,0,0,1,1,1,1,1,1,0,1,0,1,0,0,1,0,0,1,0,1,0,0,1,1,0 : 13.2188
1,0,0,1,1,1,0,0,1,0,1,1,0,1,0,1,1,0,0,1,1,1,1,1,1,0,1,0,0,1,0,0,1,0,0,0,0,0,0 : 13.168
1,0,0,0,0,1,1,0,0,0,1,1,0,0,1,1,1,1,1,1,1,1,0,0,1,1,0,0,1,1,0,1,0,1,0,0,0,1,0 : 13.1776
0,1,0,1,0,1,0,1,1,0,1,1,1,0,0,0,1,0,0,1,1,1,1,1,0,0,1,0,1,1,1,0,1,0,1,0,1,0,0 : 13.9921
0,0,0,1,0,0,1,0,0,0,0,1,0,1,0,1,1,1,0,1,1,0,0,1,1,1,0,0,0,0,0,0,1,0,0,0,0,1,0 : 13.324
0,0,0,0,1,0,0,0,0,1,1,0,1,0,0,0,1,1,0,0,0,1,0,0,0,1,1,0,0,0,1,0,1,1,0,1,1,1,1 : 13.3405
0,0,0,1,0,0,0,1,0,0,1,0,1,0,1,0,0,0,0,1,1,0,0,0,0,0,0,0,0,0,0,0,1,1,0,1,0,1,1 : 13.176
1,1,0,0,0,0,0,0,1,1,0,0,0,0,0,1,0,0,1,0,1,0,0,1,1,0,1,1,0,1,0,0,1,1,0,0,1,0,0 : 13.2777
1,0,0,0,1,1,0,1,0,0,0,1,0,0,0,0,0,1,1,0,0,0,1,0,1,1,0,1,1,0,0,1,1,0,0,0,1,1,0 : 13.607
1,1,0,0,0,1,0,0,1,0,0,1,0,0,0,0,0,1,0,0,0,0,1,1,0,1,0,0,0,1,1,0,0,1,0,0,1,1,1 : 13.3405
1,0,0,0,0,0,0,1,0,0,1,1,1,1,0,0,0,1,0,1,0,1,0,1,0,1,1,0,0,1,1,0,1,1,0,0,0,1,1 : 13.7551
1,1,0,1,0,0,0,0,1,0,1,1,0,0,1,0,1,0,0,0,1,0,1,0,1,1,0,0,0,0,1,1,0,1,0,1,0,0,1 : 14.158
0,0,1,0,1,0,0,0,1,1,1,0,1,1,1,0,1,1,1,0,0,1,1,1,1,0,1,0,0,1,0,0,1,1,0,0,1,0,1 : 14.5313
1,1,0,0,0,0,0,1,0,0,1,1,0,1,0,1,1,0,0,0,0,0,0,1,0,1,1,0,0,0,1,0,1,0,0,1,0,1,1 : 13.3405
1,0,0,1,0,1,0,1,0,1,0,1,1,0,1,1,0,1,0,0,0,1,1,0,0,0,0,0,1,1,1,0,1,1,0,0,1,1,0 : 13.2777
1,1,0,1,1,1,0,1,1,0,0,1,0,1,0,0,1,0,0,0,0,1,1,1,0,1,0,0,0,0,1,0,1,1,0,1,1,1,1 : 13.3405
1,1,0,1,0,0,1,1,1,0,1,1,0,0,1,0,1,0,0,0,1,1,0,0,0,1,1,0,1,0,1,0,0,1,0,1,1,1,0 : 13.607
1,0,0,1,0,1,1,1,0,1,1,1,1,1,1,1,0,0,1,1,1,0,0,0,0,0,0,0,0,0,0,1,1,0,0,1,0,1,0 : 13.1776
1,1,0,0,1,0,0,0,1,0,1,1,0,1,0,1,1,0,0,0,0,1,1,1,0,0,1,0,1,1,0,1,1,0,0,0,1,1,1 : 13.2777
0,0,1,1,0,0,0,0,1,1,1,1,0,1,0,1,0,1,0,1,1,1,0,0,0,1,1,0,0,0,0,0,1,1,0,1,1,1,0 : 13.7551
1,1,0,1,0,1,0,0,0,0,0,1,0,1,1,0,1,0,0,1,1,0,1,1,0,0,1,0,0,0,0,0,0,1,0,0,0,0,1 : 13.168
1,1,0,1,0,0,0,0,1,0,0,0,1,0,1,1,0,0,1,0,0,0,1,0,0,0,1,0,1,1,1,0,1,1,0,1,1,0,0 : 13.2777
0,0,0,0,1,0,0,0,1,0,1,0,0,0,0,1,0,1,0,0,0,1,1,0,0,0,1,0,1,0,0,0,1,0,1,0,0,0,1 : 13.2777
0,0,0,0,1,0,0,0,0,0,0,1,1,0,0,0,1,0,0,1,0,0,0,0,0,1,1,0,1,0,1,0,0,1,0,0,0,0,1 : 13.6338
0,1,0,0,1,1,0,0,0,0,0,1,1,1,1,1,0,0,0,0,1,1,1,0,1,0,1,0,1,1,1,0,1,1,0,1,0,0,0 : 13.2777
0,0,0,0,0,0,0,1,0,0,1,1,0,0,1,0,0,1,1,1,0,0,0,0,0,0,0,1,1,0,0,0,0,0,0,0,0,1,1 : 13.176
0,1,0,0,1,1,1,1,0,1,0,0,0,1,0,1,1,1,1,0,1,1,0,0,0,0,1,0,0,1,0,0,0,1,1,0,1,0,0 : 13.2777
1,0,0,1,0,1,1,1,1,0,0,1,1,0,1,1,0,1,0,1,0,0,1,0,1,1,0,0,1,0,0,0,1,0,0,1,0,0,1 : 13.024
0,0,0,1,1,0,0,0,1,1,1,0,0,1,1,1,1,1,0,1,1,1,1,0,0,0,1,1,1,0,0,0,0,0,0,0,0,0,1 : 13.168
0,0,0,1,0,1,1,1,1,0,1,0,0,0,0,1,0,0,1,1,1,1,1,1,0,0,0,0,0,1,0,0,1,1,0,1,1,1,1 : 13.1776
1,1,0,0,1,1,1,0,0,1,0,1,1,0,1,1,0,0,0,0,1,0,1,0,0,0,1,1,0,0,1,1,1,0,0,0,0,1,0 : 13.2777
1,0,0,0,0,0,1,0,1,1,1,1,1,0,0,0,0,1,0,1,1,0,0,1,1,1,0,0,1,0,1,0,0,0,0,0,1,1,1 : 13.176
1,1,0,1,1,1,0,1,0,0,1,0,1,0,1,1,0,1,1,0,1,1,0,1,1,0,1,0,1,0,1,1,1,0,0,0,0,0,0 : 13.2777
1,1,0,1,1,0,0,0,1,1,1,1,1,0,0,1,0,0,0,0,0,0,1,0,0,1,0,1,0,1,0,0,1,1,0,1,1,1,1 : 13.3405
1,1,0,1,1,0,0,0,0,1,0,1,1,0,1,1,1,0,1,0,1,0,0,1,0,0,0,0,1,0,0,1,1,0,0,1,1,0,1 : 13.2777
0,1,0,0,0,0,1,0,0,1,0,0,1,0,1,1,0,0,0,0,1,1,1,1,0,0,1,0,0,1,1,0,0,1,1,0,0,1,0 : 13.2777
1,0,0,0,0,1,0,1,1,1,0,1,0,0,0,1,0,1,0,1,0,1,1,0,0,1,1,0,0,1,0,0,0,1,0,0,0,0,1 : 13.168
0,1,1,1,0,0,0,0,0,0,0,1,1,1,1,0,1,0,1,1,1,1,0,0,0,0,1,0,1,0,1,0,0,1,0,1,1,0,1 : 13.6089
1,0,0,0,0,0,0,1,0,0,1,1,1,0,1,0,1,0,1,0,1,0,0,0,0,0,0,0,1,1,1,0,1,1,1,0,0,0,1 : 13.5915
0,0,0,1,0,1,0,0,0,1,0,1,0,1,1,1,1,0,1,0,0,0,0,1,0,1,1,0,0,1,1,1,1,0,0,0,0,1,1 : 13.3405
