1,0,1,0,0,0,0,1,1,1,0 : 218.0966
1,0,0,0,1,1,0,0,1,0,0 : 202.9366
1,0,0,0,0,0,0,0,1,0,0 : 202.9366
1,0,0,1,0,0,0,1,0,1,0 : 212.7133
1,0,0,0,1,1,0,0,0,1,0 : 202.9366
1,0,0,0,1,1,0,1,1,0,0 : 202.9366
1,0,0,0,1,0,0,0,1,0,0 : 202.9366
1,0,0,0,0,1,0,0,1,1,0 : 202.9366
1,0,0,0,0,1,0,0,0,0,0 : 202.9366
1,0,0,1,1,0,0,0,1,0,0 : 212.0533
1,0,0,0,1,1,1,0,0,1,0 : 204.73
1,0,0,1,0,0,1,0,1,0,0 : 214.25
1,0,0,1,0,0,0,1,1,0,1 : 244.12
1,0,0,0,1,0,0,0,1,0,0 : 202.9366
1,0,0,0,1,1,0,1,1,0,0 : 202.9366
1,0,0,0,1,0,0,0,1,0,0 : 202.9366
1,0,0,0,0,1,1,1,1,0,0 : 204.73
1,0,0,0,1,0,0,1,0,1,0 : 202.9366
1,0,0,0,0,1,0,1,1,0,0 : 202.9366
1,0,0,0,1,1,0,1,1,0,0 : 202.9366
1,0,0,0,0,1,1,1,1,0,0 : 204.73
1,0,0,1,0,1,0,1,1,0,0 : 212.0533
1,0,0,1,0,1,0,0,0,1,0 : 212.7133
1,0,0,0,0,0,0,1,0,0,0 : 202.9366
1,0,0,0,0,1,1,1,1,1,0 : 204.73
1,0,0,0,1,1,0,0,1,1,0 : 202.9366
1,0,0,0,1,1,1,1,1,0,0 : 204.73
1,1,0,0,0,1,0,0,1,1,0 : 224.7333
1,0,0,0,1,1,0,1,1,0,0 : 202.9366
1,0,0,0,1,1,0,0,1,0,0 : 202.9366
1,1,0,0,0,0,0,1,0,0,0 : 224.43
1,0,0,1,0,1,0,0,1,1,0 : 212.0533
1,0,0,0,1,1,1,0,1,0,0 : 204.73
1,0,0,1,1,0,0,1,1,0,0 : 212.0533
1,0,1,0,1,0,0,1,0,1,0 : 218.0966
1,0,0,0,1,0,0,0,1,0,0 : 202.9366
1,0,0,0,1,1,1,1,1,0,0 : 204.73
1,0,0,0,1,1,1,1,1,1,0 : 204.73
1,0,0,0,0,0,1,0,0,1,0 : 204.73
1,1,0,1,0,1,0,0,0,1,1 : 246.3766
1,0,0,0,0,0,0,0,1,0,0 : 202.9366
1,0,0,0,0,0,1,1,1,0,0 : 204.73
1,0,0,0,0,1,0,0,0,0,0 : 202.9366
1,0,0,0,0,1,0,0,0,0,0 : 202.9366
1,1,0,0,1,0,0,0,0,1,0 : 231.3133
1,0,0,0,1,0,1,0,1,0,1 : 215.8533
1,0,0,0,1,1,0,1,1,0,0 : 202.9366
1,0,0,0,0,0,1,1,0,1,1 : 217.68
1,0,0,0,1,1,0,0,1,0,0 : 202.9366
1,0,1,1,0,0,1,1,0,0,1 : 244.12
1,0,0,0,1,0,0,1,0,0,0 : 202.9366
1,0,0,0,0,0,0,1,0,0,0 : 202.9366
1,0,0,0,1,1,0,0,0,1,0 : 202.9366
1,0,0,0,1,0,1,0,0,0,0 : 204.73
1,0,1,1,1,1,1,1,1,0,0 : 232.1166
1,0,0,0,1,0,1,0,1,0,0 : 204.73
1,0,0,0,1,1,0,0,0,0,0 : 202.9366
1,0,0,0,0,0,0,0,0,0,0 : 202.9366
1,0,1,0,1,0,0,0,0,1,0 : 218.0966
1,0,0,0,0,0,1,0,1,1,0 : 204.73
1,0,0,0,0,1,0,0,0,1,0 : 202.9366
1,0,1,0,1,1,1,0,0,0,0 : 221.3766
1,0,1,1,0,0,0,1,1,1,1 : 244.12
1,0,0,1,1,1,0,1,1,1,0 : 212.0533
1,0,0,0,1,0,0,1,0,1,0 : 202.9366
1,0,0,0,1,0,1,0,0,1,1 : 215.8533
1,0,1,0,1,0,0,1,1,0,1 : 220.08
1,0,0,0,1,0,1,1,1,1,1 : 215.8533
1,1,0,0,0,1,0,1,0,0,0 : 224.43
1,0,0,0,0,1,0,0,1,0,0 : 202.9366
1,0,0,0,1,0,0,0,0,1,0 : 202.9366
1,0,0,0,1,1,0,1,0,0,0 : 202.9366
1,0,0,0,1,0,0,0,0,0,0 : 202.9366
1,0,0,0,1,0,0,0,0,0,1 : 220.08
1,0,1,0,0,1,1,0,1,1,0 : 218.0966
1,0,0,1,0,1,0,1,0,1,0 : 212.7133
1,0,0,0,1,1,0,0,1,1,0 : 202.9366
1,0,1,0,0,1,1,0,0,1,0 : 218.0966
1,1,0,1,0,1,0,0,0,1,0 : 235.3466
1,0,0,0,1,0,0,0,0,1,0 : 202.9366
1,0,0,0,1,0,1,0,1,1,1 : 215.8533
1,1,0,0,0,1,0,0,1,0,0 : 224.43
1,0,0,0,1,1,0,0,0,0,0 : 202.9366
1,0,0,0,1,0,0,0,0,1,0 : 202.9366
1,0,0,0,0,0,1,0,1,1,0 : 204.73
1,0,0,0,0,0,0,0,0,1,0 : 202.9366
1,0,0,0,0,0,0,1,0,1,0 : 202.9366
1,0,0,0,0,0,0,1,0,1,0 : 202.9366
1,0,0,0,1,1,0,0,0,0,0 : 202.9366
1,0,1,0,1,0,0,0,1,1,0 : 218.0966
1,0,0,0,0,1,0,0,1,0,0 : 202.9366
1,0,0,0,1,0,1,0,1,1,1 : 215.8533
1,0,1,0,0,0,1,1,0,1,0 : 218.0966
1,0,1,0,0,0,1,0,0,1,0 : 218.0966
1,0,0,0,0,0,0,1,1,1,0 : 202.9366
1,0,0,0,0,0,1,1,1,1,0 : 204.73
1,0,0,0,0,1,0,1,0,1,0 : 202.9366
1,0,0,0,1,1,1,0,1,1,0 : 204.73
1,0,1,0,1,0,0,0,1,1,0 : 218.0966
1,0,1,0,0,0,0,0,0,1,0 : 218.0966
