1,0,0,1,0,0,0,0,1,1,0 : 212.0533
1,0,0,1,1,0,0,0,1,0,0 : 212.0533
1,0,0,0,1,1,0,0,0,0,0 : 202.9366
1,0,0,0,1,0,0,0,0,1,0 : 202.9366
1,0,0,0,1,1,0,0,0,0,0 : 202.9366
1,0,0,0,1,1,0,1,1,0,0 : 202.9366
1,0,0,0,1,1,0,0,1,0,0 : 202.9366
1,0,0,0,1,1,1,1,1,1,0 : 204.73
1,0,0,0,0,1,1,0,0,1,0 : 204.73
1,0,0,0,0,0,0,0,0,0,0 : 202.9366
1,0,0,0,0,0,0,0,1,1,0 : 202.9366
1,0,0,0,0,0,0,1,0,1,0 : 202.9366
1,0,1,1,0,0,0,1,0,0,1 : 244.12
1,0,0,0,0,0,1,0,1,1,0 : 204.73
1,0,0,0,1,1,0,1,1,1,0 : 202.9366
1,0,0,1,0,1,0,1,1,0,0 : 212.0533
1,0,0,0,0,1,1,0,1,1,0 : 204.73
1,0,0,0,0,1,1,0,0,1,0 : 204.73
1,0,0,0,1,0,0,1,1,0,0 : 202.9366
1,0,0,0,1,1,0,1,0,0,0 : 202.9366
1,0,0,0,0,1,0,1,0,0,0 : 202.9366
1,0,0,0,0,1,0,0,1,0,0 : 202.9366
1,0,0,0,1,0,0,1,1,0,0 : 202.9366
1,0,0,0,0,0,0,1,1,0,0 : 202.9366
1,0,0,0,1,0,0,1,1,1,0 : 202.9366
1,0,0,0,0,1,0,1,1,1,0 : 202.9366
1,0,0,0,0,1,0,1,1,1,0 : 202.9366
1,0,0,0,1,0,0,1,1,1,0 : 202.9366
1,0,0,0,1,1,0,1,1,0,0 : 202.9366
1,0,0,0,1,1,1,0,0,0,0 : 204.73
1,0,0,0,0,1,0,0,0,0,0 : 202.9366
1,0,0,0,1,0,1,0,1,1,0 : 204.73
1,0,0,0,1,0,0,0,1,0,0 : 202.9366
1,0,1,0,0,0,0,1,0,1,0 : 218.0966
1,0,0,0,1,0,0,1,0,1,0 : 202.9366
1,0,0,0,1,1,0,0,1,1,0 : 202.9366
1,0,0,0,1,1,0,1,1,0,0 : 202.9366
1,1,0,0,0,0,0,1,1,0,0 : 224.43
1,0,0,0,0,1,0,0,0,0,0 : 202.9366
1,0,0,0,1,1,0,0,1,1,0 : 202.9366
1,0,0,0,0,0,0,0,1,1,0 : 202.9366
1,0,0,0,1,1,0,1,1,1,0 : 202.9366
1,0,0,0,1,0,0,1,1,0,0 : 202.9366
1,0,0,0,1,0,1,0,0,0,0 : 204.73
1,0,0,0,0,0,1,0,0,0,1 : 217.68
1,0,0,0,1,1,1,0,1,0,1 : 216.0633
1,1,0,0,0,1,0,1,0,0,0 : 224.43
1,0,0,1,0,0,0,0,1,0,0 : 212.0533
1,0,0,0,1,0,1,0,1,0,0 : 204.73
1,0,0,0,0,0,1,0,0,1,0 : 204.73
1,0,0,0,0,1,0,0,1,1,0 : 202.9366
1,1,0,0,0,0,1,1,0,0,0 : 224.43
1,0,0,0,1,0,0,0,0,1,0 : 202.9366
1,0,0,0,1,1,0,0,0,0,0 : 202.9366
1,0,0,0,0,0,0,1,1,1,0 : 202.9366
1,0,0,0,1,1,1,0,1,0,0 : 204.73
1,0,0,0,0,1,0,1,0,0,0 : 202.9366
1,0,0,0,1,0,0,1,0,1,0 : 202.9366
1,0,1,0,0,1,0,0,0,1,0 : 218.0966
1,0,0,0,0,0,0,0,1,1,0 : 202.9366
1,0,0,0,0,0,0,0,1,0,0 : 202.9366
1,0,0,0,1,1,0,1,1,1,0 : 202.9366
1,0,0,0,0,0,0,0,1,1,0 : 202.9366
1,0,0,0,0,1,0,1,0,1,0 : 202.9366
1,0,0,0,1,1,0,0,0,1,0 : 202.9366
1,1,0,0,0,1,0,0,1,0,0 : 224.43
1,0,0,0,1,0,0,1,1,1,0 : 202.9366
1,0,0,0,0,1,0,0,1,0,0 : 202.9366
1,0,0,0,1,1,0,1,1,1,0 : 202.9366
1,0,0,0,0,0,0,0,0,0,0 : 202.9366
1,0,0,0,1,0,1,0,1,1,0 : 204.73
1,0,0,0,0,0,0,0,0,1,0 : 202.9366
1,0,0,0,0,1,0,0,0,1,0 : 202.9366
1,0,0,0,1,0,1,0,0,0,0 : 204.73
1,0,0,0,0,1,1,0,1,0,0 : 204.73
1,0,0,0,0,0,0,1,1,1,0 : 202.9366
1,0,0,0,1,1,0,0,1,1,0 : 202.9366
1,0,0,0,1,1,0,1,1,1,0 : 202.9366
1,0,0,0,0,0,0,0,1,0,0 : 202.9366
1,0,0,0,0,0,0,0,0,1,0 : 202.9366
1,0,0,0,1,0,0,0,1,0,0 : 202.9366
1,0,0,1,0,1,0,0,1,0,0 : 212.0533
1,0,0,0,1,1,0,1,0,0,0 : 202.9366
1,0,0,0,1,0,0,1,0,0,0 : 202.9366
1,0,0,0,0,1,0,0,1,1,0 : 202.9366
1,0,0,0,0,0,0,0,0,0,0 : 202.9366
1,0,1,0,0,0,0,1,1,1,0 : 218.0966
1,0,0,0,1,0,1,0,0,0,1 : 215.8533
1,0,0,0,1,0,0,1,1,0,0 : 202.9366
1,0,0,0,1,0,0,1,1,1,0 : 202.9366
1,0,0,0,0,1,0,0,0,0,0 : 202.9366
1,0,0,0,1,0,0,0,0,0,0 : 202.9366
1,0,0,0,0,1,0,1,0,1,0 : 202.9366
1,0,0,0,0,0,0,1,1,0,0 : 202.9366
1,0,0,0,1,1,0,1,1,0,0 : 202.9366
1,0,0,0,0,0,0,1,0,1,0 : 202.9366
1,0,0,0,1,1,1,0,1,0,0 : 204.73
1,0,0,0,1,0,0,1,1,0,0 : 202.9366
1,0,0,1,1,0,0,1,1,1,0 : 212.0533
1,0,0,0,1,1,0,0,1,0,0 : 202.9366
