1,1,0,1,0,1,0,1,1,0,1,1,0,0,0,1,1,0,1,0,1,0,0,0,0,0,0,0,0,0,0,0,0,0,1,0,0,1,0 : 13.2777
1,1,0,1,0,0,1,0,0,0,0,1,0,0,0,0,1,0,1,1,1,1,1,1,0,0,0,0,1,0,1,0,1,1,0,1,0,1,1 : 13.2188
1,1,0,0,0,0,0,1,0,1,0,1,0,1,0,0,0,0,0,0,1,0,0,1,0,0,0,0,1,0,1,0,1,1,0,1,1,1,1 : 13.9768
0,1,1,1,0,0,0,0,0,0,1,1,1,1,0,1,1,0,0,0,1,0,0,1,1,1,0,0,1,1,0,0,1,0,0,0,0,0,0 : 13.9167
1,1,0,1,0,1,0,1,1,1,1,0,0,0,0,1,1,1,0,1,0,0,1,1,0,1,0,1,1,0,0,0,1,0,0,0,1,1,0 : 13.4263
0,1,0,0,0,1,1,1,1,0,0,1,0,1,1,1,0,1,1,1,1,0,1,0,0,0,1,0,0,0,0,0,0,0,0,0,1,0,0 : 14.0745
1,1,0,1,1,1,1,0,1,1,1,0,1,0,1,1,0,1,0,1,1,0,1,0,0,0,0,1,1,0,0,0,0,1,0,0,1,0,0 : 13.9324
1,1,0,0,1,0,1,1,1,1,1,1,1,1,0,0,0,1,1,1,0,1,0,1,1,0,1,0,0,0,1,0,0,1,0,1,1,0,0 : 16.0462
0,0,0,0,0,0,1,0,1,0,1,0,1,1,0,0,1,0,0,1,0,0,1,0,0,0,0,1,1,0,0,0,0,1,0,0,0,1,1 : 13.176
0,1,0,0,0,1,0,1,1,1,1,1,0,0,0,1,0,1,0,0,0,1,1,0,0,0,0,1,0,0,1,1,1,0,0,0,0,1,1 : 13.2777
0,1,0,1,1,1,1,0,1,0,1,0,0,1,1,1,0,1,0,0,0,1,0,0,0,0,0,1,0,0,1,0,0,1,0,1,0,1,0 : 13.2777
1,1,0,0,0,0,1,1,1,1,0,0,1,0,1,0,1,0,1,1,1,0,1,0,1,1,0,1,1,0,0,1,0,1,0,0,1,1,0 : 13.2188
1,0,0,1,1,0,0,1,1,1,1,1,0,0,0,0,1,1,0,1,1,0,1,0,0,1,1,1,0,1,0,0,0,1,0,0,1,1,1 : 13.7551
0,0,0,0,1,1,0,1,0,0,1,1,0,0,0,0,0,0,0,0,1,0,0,1,0,1,0,0,0,0,0,0,1,1,0,1,0,1,1 : 13.3405
0,1,0,0,1,1,1,0,1,1,0,1,1,1,1,0,0,1,1,0,0,0,1,1,1,1,0,0,1,1,0,0,0,1,1,1,0,0,0 : 14.158
1,1,0,0,0,0,1,1,1,1,1,1,0,0,0,0,0,0,1,1,0,0,1,0,1,1,0,0,1,1,1,0,1,1,0,1,0,1,1 : 13.2188
0,1,0,1,0,1,1,1,1,1,0,1,0,1,1,1,1,0,1,1,1,1,1,0,0,0,1,1,0,1,0,1,0,1,0,1,0,1,0 : 14.2166
0,0,0,1,1,1,1,0,0,1,1,0,0,0,0,1,0,1,0,0,1,1,0,1,0,0,1,0,0,1,1,0,0,0,0,1,0,0,1 : 13.2777
0,0,0,1,1,0,1,1,0,1,0,1,0,0,1,1,1,0,1,1,0,1,0,0,0,0,0,1,0,1,0,0,1,1,0,1,0,1,0 : 13.8814
0,0,0,0,0,1,0,0,1,1,0,1,0,0,0,1,0,0,1,0,1,0,0,1,0,0,0,0,1,1,1,0,1,0,0,0,0,1,1 : 13.2777
0,1,0,0,1,1,1,1,1,1,0,1,1,1,0,1,0,1,0,0,0,1,0,0,1,0,1,1,0,1,0,0,1,0,0,1,0,1,1 : 13.2777
1,0,0,0,0,1,1,1,0,1,1,1,1,0,1,0,1,1,0,1,1,0,1,0,1,1,0,0,0,1,0,0,0,1,0,0,0,0,0 : 13.024
0,1,0,1,0,0,1,1,1,1,0,1,0,1,1,0,0,1,0,1,1,1,1,1,1,1,0,0,1,1,0,0,0,1,0,0,0,0,0 : 13.3611
1,0,0,1,1,0,1,0,1,0,1,1,1,0,1,1,0,1,1,0,1,0,1,1,0,0,0,0,0,0,1,1,0,1,0,1,0,0,0 : 13.2777
1,1,1,0,0,1,0,1,0,1,1,1,0,1,0,1,0,0,0,0,0,1,1,1,0,0,1,1,0,0,1,1,0,1,1,0,0,0,1 : 15.4166
1,0,1,0,0,0,1,1,0,0,1,1,1,0,0,0,0,0,0,0,1,0,1,0,0,1,0,0,1,1,0,0,0,0,0,1,0,1,0 : 13.7107
0,1,0,1,0,0,0,1,0,1,0,1,0,0,0,1,0,0,0,1,0,0,0,1,0,1,0,1,0,0,1,0,1,1,0,0,1,1,0 : 13.324
1,0,1,1,0,0,0,0,1,1,0,1,1,1,0,1,0,1,0,0,0,0,0,1,0,1,1,0,0,0,1,1,0,1,0,1,1,0,0 : 14.0049
0,0,0,0,0,0,0,0,1,1,0,0,1,1,1,0,0,0,1,1,1,1,1,1,0,0,0,0,1,1,0,1,1,0,0,1,1,1,1 : 13.176
0,0,0,0,1,1,0,1,0,1,1,1,1,1,0,1,1,0,0,1,0,1,1,1,0,0,0,1,0,0,1,0,0,1,0,0,1,1,1 : 13.8814
1,0,0,1,1,0,0,0,1,0,0,0,1,0,1,1,0,1,0,0,1,1,0,1,0,0,0,0,1,1,0,1,1,0,0,0,0,1,1 : 13.2777
1,0,0,1,0,1,0,1,1,0,1,0,1,1,1,0,1,1,1,1,1,0,0,0,1,0,1,0,0,1,1,0,0,1,0,0,0,1,1 : 13.7551
1,0,0,1,0,0,0,0,0,1,1,0,1,1,1,1,0,0,0,0,0,0,0,0,0,0,1,0,0,1,0,0,0,1,0,0,1,1,1 : 13.2777
0,1,0,0,0,1,0,0,1,0,0,1,0,0,0,0,0,1,1,0,0,1,1,1,0,0,0,0,0,1,0,0,0,1,0,1,0,1,0 : 15.1824
1,0,0,1,0,0,0,0,1,0,1,1,1,0,0,1,0,0,0,0,0,0,0,1,1,0,1,0,1,0,1,0,0,1,0,0,1,1,1 : 13.2777
1,0,0,1,0,1,1,0,1,0,0,0,1,0,1,0,1,0,0,0,0,1,1,1,0,1,1,0,1,0,1,0,0,0,1,1,0,0,0 : 13.7033
1,1,1,0,0,1,0,1,1,1,1,1,0,0,1,1,0,1,1,0,0,0,0,1,0,0,0,1,0,1,0,0,0,0,0,1,0,0,0 : 15.4166
1,1,0,1,0,0,0,0,1,1,0,1,0,1,0,1,1,0,0,1,1,1,0,1,0,0,0,0,1,0,1,1,1,0,0,0,1,0,1 : 13.7198
0,0,1,1,0,0,0,0,0,1,1,1,0,0,0,0,0,1,1,1,1,0,0,0,1,1,0,0,1,1,0,0,0,0,0,0,0,1,0 : 13.176
0,0,0,1,1,1,1,1,1,0,0,0,1,1,0,1,0,1,1,0,1,1,0,1,0,0,0,0,1,0,0,0,1,0,0,0,0,0,0 : 13.2777
0,0,0,1,0,1,1,0,0,1,1,0,1,0,1,1,0,1,0,1,0,1,0,1,0,1,1,1,1,0,0,1,1,0,1,0,0,0,1 : 16.0462
0,1,0,0,0,0,1,0,0,0,1,0,0,0,0,0,0,0,1,0,1,0,0,0,1,1,0,1,0,1,0,0,1,0,0,1,0,0,1 : 14.3976
1,0,0,1,0,0,0,0,0,1,0,0,0,0,0,1,1,1,0,0,1,0,1,1,1,0,1,0,1,0,1,0,1,1,0,0,0,1,1 : 13.2777
1,0,0,1,0,1,1,1,1,0,0,0,0,0,1,1,0,0,1,0,0,1,1,0,0,0,1,0,0,1,1,1,0,1,0,0,0,1,0 : 13.2777
1,1,0,1,0,0,0,1,0,0,1,1,1,1,1,1,1,1,0,1,0,1,1,0,0,0,0,0,0,1,1,0,1,1,0,1,0,1,1 : 13.4263
1,0,0,0,1,0,0,0,1,1,0,1,0,0,0,0,0,0,1,0,1,1,0,0,1,1,0,0,1,1,0,0,1,0,0,0,0,1,1 : 13.607
0,0,0,0,0,1,1,0,1,1,1,0,1,1,1,1,0,0,1,1,1,1,0,0,0,1,1,0,0,0,0,0,0,0,0,1,0,1,0 : 13.8644
1,0,0,1,1,1,0,0,1,0,0,1,0,1,1,0,1,0,1,1,1,1,1,0,0,1,1,0,0,1,1,0,1,0,0,0,1,0,1 : 14.0745
0,1,0,1,0,0,0,1,1,1,0,0,0,0,1,1,0,1,0,0,0,0,0,1,0,0,0,1,0,1,0,0,0,1,0,1,1,0,1 : 13.2777
0,1,0,1,1,0,0,0,0,0,1,1,1,0,1,1,0,0,1,0,0,0,0,1,0,1,0,0,1,0,0,1,0,1,1,0,0,1,0 : 13.607
0,0,0,0,0,0,1,1,0,0,0,1,0,0,0,1,1,1,0,0,0,1,0,0,1,1,0,0,1,1,1,0,0,0,0,0,1,0,1 : 13.8401
1,0,0,1,0,0,1,0,1,0,1,0,0,0,0,0,1,0,1,0,0,1,1,1,0,1,0,1,0,1,0,0,1,1,0,0,0,0,0 : 13.5508
1,0,1,1,0,0,0,1,1,0,0,1,0,1,1,0,0,1,1,1,0,0,1,0,1,1,0,0,0,0,0,0,1,0,1,1,0,0,0 : 13.1698
0,1,0,0,1,0,1,1,0,1,0,1,1,1,1,1,1,0,0,0,1,1,0,1,0,1,0,0,1,0,1,0,0,0,0,0,0,1,1 : 13.607
1,1,0,1,0,1,1,1,1,1,0,0,0,0,0,1,0,0,0,1,0,0,1,0,0,1,0,0,0,0,1,0,0,1,0,0,1,0,1 : 14.0745
0,1,0,0,0,1,1,0,1,1,0,0,0,1,1,1,0,1,1,0,1,1,0,1,0,0,1,0,1,0,1,0,1,0,1,1,0,0,0 : 13.2777
0,0,0,1,0,0,1,0,1,1,1,1,0,1,0,1,0,0,0,1,0,0,1,1,0,1,0,0,0,0,1,0,1,0,0,0,0,1,1 : 13.4263
1,1,0,0,1,1,0,0,0,0,0,1,0,0,0,0,1,0,1,0,1,0,1,1,0,0,0,0,0,1,1,0,1,1,0,1,1,0,1 : 13.5915
1,1,0,0,1,1,0,1,1,1,1,1,0,1,0,0,0,0,1,0,1,0,0,1,0,1,0,0,1,0,0,0,1,1,0,0,0,1,0 : 13.607
0,1,0,0,0,0,0,0,1,1,0,0,0,1,1,1,0,0,1,1,0,1,0,1,0,0,1,0,1,0,0,0,1,0,0,0,0,0,0 : 13.7198
0,1,0,1,0,1,0,1,0,1,1,1,1,1,0,0,1,1,1,0,1,1,0,1,0,1,0,0,0,1,0,1,0,1,0,0,1,1,0 : 13.3405
1,0,0,1,1,0,0,0,1,0,1,1,0,1,1,1,1,0,0,1,1,1,0,1,1,0,1,1,0,1,0,1,1,0,0,0,0,0,0 : 13.7198
1,0,0,0,1,1,1,0,0,0,1,1,0,0,1,1,0,1,1,0,1,1,0,0,1,1,0,0,1,1,1,1,0,1,0,0,0,1,0 : 13.607
0,1,0,1,0,1,0,1,1,0,1,1,1,0,0,0,1,0,0,1,1,1,1,1,0,0,1,0,1,1,1,0,1,0,1,0,1,0,0 : 13.9921
0,0,0,1,0,0,1,0,0,0,0,1,0,1,0,1,1,1,0,1,1,0,0,1,1,1,0,0,0,0,0,0,1,0,0,0,0,1,0 : 13.324
0,0,1,1,0,0,0,1,0,1,0,0,0,0,0,0,1,0,0,0,0,1,0,0,0,0,1,0,0,1,0,0,1,1,0,1,0,0,0 : 14.0096
0,0,0,1,0,0,0,1,0,0,1,0,1,0,1,0,0,0,0,1,1,0,0,0,0,0,0,0,0,0,0,0,1,1,0,1,0,1,1 : 13.176
1,1,0,0,0,0,0,0,1,1,0,0,0,0,0,1,0,0,1,0,1,0,0,1,1,0,1,1,0,1,0,0,1,1,0,0,1,0,0 : 13.2777
1,0,0,0,1,1,0,1,0,0,0,1,0,0,0,0,0,1,1,0,0,0,1,0,1,1,0,1,1,0,0,1,1,0,0,0,1,1,0 : 13.607
1,1,0,0,1,1,0,0,1,0,0,1,0,0,0,0,0,0,0,0,1,0,1,1,0,1,0,0,1,1,1,0,0,1,0,0,1,1,1 : 13.607
1,0,0,0,0,0,0,1,0,0,1,1,1,1,0,0,0,1,0,1,0,1,0,1,0,1,1,0,0,1,1,0,1,1,0,0,0,1,1 : 13.7551
1,1,0,1,0,0,0,0,1,0,1,1,0,0,1,0,1,0,0,0,1,0,1,0,1,1,0,0,0,0,1,1,0,1,0,1,0,0,1 : 14.158
0,0,1,0,1,0,0,0,1,1,1,0,1,1,1,0,1,1,1,0,0,1,1,1,1,0,1,0,0,1,0,0,1,1,0,0,1,0,1 : 14.5313
1,1,0,0,0,1,0,1,0,1,1,1,0,1,0,1,1,0,0,0,1,0,0,0,0,1,1,0,1,1,1,0,1,0,0,1,1,1,1 : 13.607
1,0,0,1,0,1,0,1,0,1,0,1,1,0,1,1,0,1,0,0,0,1,1,0,0,0,0,0,1,1,1,0,1,1,0,0,1,1,0 : 13.2777
1,1,1,0,0,1,0,1,1,1,1,1,0,1,0,0,0,0,1,0,0,1,1,1,0,1,1,0,0,0,1,0,1,0,0,0,1,1,1 : 14.1806
1,1,1,1,0,0,0,1,1,0,1,1,0,1,1,0,1,0,0,0,1,1,0,0,0,0,1,0,1,0,1,1,0,1,0,1,1,1,0 : 14.7919
1,1,0,1,0,1,1,1,0,1,1,1,1,1,1,1,0,0,1,0,1,0,0,0,0,0,0,0,0,0,0,1,1,0,0,1,0,1,0 : 13.2777
1,1,0,1,1,0,0,0,1,0,1,0,0,1,0,0,1,1,0,0,0,1,1,1,0,0,1,1,0,1,0,1,1,0,0,0,1,0,1 : 13.8915
0,1,1,1,0,0,0,1,0,1,1,1,0,0,1,0,0,1,0,1,0,1,1,1,0,1,1,0,1,0,0,0,1,1,0,1,1,1,1 : 14.2166
1,1,0,1,0,1,0,0,0,0,0,0,0,1,1,0,1,0,0,1,0,0,1,1,0,0,0,0,1,0,0,0,0,1,0,1,0,0,1 : 13.1698
0,1,1,1,0,0,0,1,1,0,0,0,0,1,1,0,0,0,0,0,0,1,0,0,1,0,1,0,1,1,1,0,1,1,0,0,1,0,0 : 14.5286
0,0,0,0,1,0,0,0,1,0,1,0,0,0,0,1,0,1,0,0,0,1,1,0,0,0,1,0,1,0,0,0,1,0,1,0,0,0,1 : 13.2777
1,0,0,0,1,0,0,0,0,0,0,0,1,0,1,0,1,0,0,0,1,0,0,0,0,1,1,0,1,0,1,0,0,1,0,0,0,0,1 : 14.158
0,1,0,0,0,1,0,1,0,0,1,0,0,1,1,0,0,0,0,1,0,0,1,0,1,0,1,0,1,1,1,0,1,1,0,0,1,0,0 : 14.5116
0,0,0,1,0,0,1,1,0,0,1,1,1,0,1,1,0,1,1,1,0,0,0,0,0,0,0,1,1,0,0,0,0,0,0,0,1,1,1 : 13.1776
0,1,0,1,1,1,1,1,0,0,0,0,1,0,0,0,1,1,1,0,1,1,0,0,1,1,0,0,1,0,0,1,0,1,0,0,1,0,1 : 13.5231
1,0,0,1,0,1,1,1,1,0,0,1,1,0,1,1,0,1,0,1,0,0,1,0,1,1,0,0,1,0,0,0,1,0,0,1,0,0,1 : 13.024
1,1,1,0,1,0,0,1,0,1,0,0,0,0,0,0,0,1,0,1,1,1,0,0,0,0,0,1,1,0,0,0,0,1,0,0,0,1,1 : 13.8814
0,0,0,1,0,1,1,1,1,0,1,0,0,0,0,1,0,0,1,1,1,1,1,1,0,0,0,0,0,1,0,0,1,1,0,1,1,1,1 : 13.1776
1,1,0,0,1,1,1,0,0,1,0,1,1,0,1,1,0,0,0,0,1,0,1,0,0,0,1,1,0,0,1,1,1,0,0,0,0,1,0 : 13.2777
1,0,0,0,0,1,0,0,1,1,1,1,1,0,0,0,0,1,0,0,1,0,0,0,1,1,0,0,1,0,1,0,1,1,0,0,1,1,1 : 13.607
1,1,0,1,1,1,0,1,0,0,1,0,1,0,1,1,0,1,1,0,1,1,0,1,1,0,1,0,1,0,1,1,1,0,0,0,0,0,0 : 13.2777
1,1,0,1,1,0,0,0,1,1,1,1,1,0,0,1,0,0,0,0,0,0,1,0,0,1,0,1,0,1,0,0,1,1,0,1,1,1,1 : 13.3405
1,0,0,1,1,0,1,0,0,1,1,1,1,1,1,1,1,0,0,1,1,0,0,1,0,0,0,0,1,0,1,1,1,0,0,1,1,1,1 : 13.8814
0,1,0,0,0,0,1,0,0,1,0,0,1,0,1,1,0,0,0,0,1,1,1,1,0,0,1,0,0,1,1,0,0,1,1,0,0,1,0 : 13.2777
1,0,0,0,1,1,1,1,1,1,0,1,0,0,1,1,0,1,0,0,0,1,1,0,0,0,0,0,0,1,0,0,0,1,0,0,0,1,0 : 13.2777
0,1,1,1,0,0,0,0,0,0,0,1,1,1,1,0,1,0,1,1,1,1,0,0,0,0,1,0,1,0,1,0,0,1,0,1,1,0,1 : 13.6089
0,0,1,0,0,0,1,1,0,0,1,0,1,0,1,0,0,1,1,0,1,0,0,1,0,0,0,0,1,1,0,1,0,1,0,0,0,1,1 : 15.0468
0,0,0,1,0,1,0,0,0,1,0,1,0,1,1,1,1,0,1,0,0,0,0,1,0,1,1,0,0,1,1,1,1,0,0,0,0,1,1 : 13.3405
