1,1,0,0,0,0,1,0,0 : 1080.0
1,1,1,0,0,0,0,0,0 : 1890.0
1,1,1,1,1,0,0,0,0 : 1890.0
1,1,0,0,1,0,1,0,1 : 1080.0
1,0,0,1,0,1,1,0,0 : 1110.0
1,0,1,1,0,1,0,0,1 : 1080.0
1,1,1,0,1,0,0,0,1 : 1200.0
1,1,0,0,0,0,1,0,0 : 1080.0
1,0,0,1,0,0,1,0,0 : 1110.0
1,0,1,0,1,0,0,0,1 : 1200.0
1,0,0,1,1,0,0,0,0 : 1110.0
1,1,0,0,1,0,1,0,1 : 1080.0
1,0,0,0,1,0,1,1,0 : 1290.0
1,1,0,1,1,0,0,0,1 : 1080.0
1,0,1,0,0,1,0,0,0 : 1980.0
1,1,1,1,0,1,0,1,0 : 1890.0
1,1,0,0,1,1,1,0,0 : 840.0
1,1,1,0,1,0,1,0,0 : 1890.0
1,0,0,0,1,0,0,1,0 : 1290.0
1,1,1,0,0,1,1,1,0 : 1890.0
1,1,1,0,1,0,0,0,1 : 1200.0
1,1,1,0,0,1,0,1,0 : 1890.0
1,0,1,0,0,0,0,1,0 : 1980.0
1,1,1,1,1,0,1,0,0 : 1890.0
1,1,0,0,0,1,1,1,0 : 840.0
1,0,1,0,0,0,0,0,1 : 1080.0
1,1,0,1,0,1,1,0,1 : 960.0
1,0,1,0,0,1,0,1,0 : 1980.0
1,0,1,0,1,0,1,0,1 : 1110.0
1,0,0,0,0,0,1,1,0 : 1290.0
1,1,0,1,0,0,1,1,0 : 1080.0
1,0,0,0,0,0,1,0,1 : 1110.0
1,1,1,0,1,0,0,0,0 : 1890.0
1,1,1,0,0,1,1,0,0 : 1890.0
1,1,0,1,1,0,1,1,0 : 1080.0
1,1,1,1,0,0,0,0,0 : 1890.0
1,0,0,1,1,1,0,1,0 : 1260.0
1,1,1,0,1,1,1,0,0 : 1890.0
1,0,0,0,1,1,0,1,0 : 1260.0
1,1,0,1,0,1,1,0,1 : 960.0
1,1,1,1,1,1,0,0,0 : 1890.0
1,0,1,1,1,0,1,0,1 : 1110.0
1,1,1,1,1,1,0,0,0 : 1890.0
1,0,0,1,0,1,1,0,0 : 1110.0
1,0,0,1,0,0,0,1,0 : 1290.0
1,0,0,0,0,1,0,1,0 : 1260.0
1,1,0,1,1,0,1,0,0 : 1080.0
1,0,0,1,1,0,1,0,0 : 1110.0
1,0,1,0,0,0,0,1,0 : 1980.0
1,1,1,1,0,0,1,0,1 : 1080.0
1,0,0,0,0,1,1,0,0 : 1110.0
1,1,0,1,1,1,1,0,1 : 960.0
1,0,0,1,0,0,1,0,0 : 1110.0
1,0,0,1,0,1,1,1,0 : 1260.0
1,0,0,1,0,0,0,1,0 : 1290.0
1,0,1,0,0,1,0,0,1 : 1080.0
1,1,1,1,0,0,1,1,0 : 1890.0
1,0,0,0,0,1,0,0,0 : 1110.0
1,1,0,1,0,0,1,0,1 : 1080.0
1,1,0,0,0,0,0,1,0 : 1080.0
1,1,0,0,1,1,1,1,0 : 840.0
1,1,0,1,1,0,1,0,0 : 1080.0
1,1,1,1,1,1,0,1,0 : 1890.0
1,0,0,0,0,1,0,0,0 : 1110.0
1,0,1,1,1,0,0,0,0 : 1980.0
1,1,0,1,1,0,1,0,0 : 1080.0
1,1,1,0,0,0,0,0,1 : 1080.0
1,0,0,1,1,0,0,0,1 : 1110.0
1,1,0,1,1,1,0,0,0 : 960.0
1,0,1,0,1,1,1,1,0 : 1980.0
1,1,0,1,1,0,1,0,0 : 1080.0
1,1,0,1,1,1,0,1,0 : 960.0
1,0,1,1,1,0,0,0,0 : 1980.0
1,1,1,1,0,1,0,0,0 : 1890.0
1,0,1,1,1,1,0,0,1 : 1200.0
1,0,1,0,1,1,1,0,1 : 1110.0
1,1,0,1,1,1,0,0,1 : 960.0
1,1,0,1,1,1,1,0,0 : 960.0
1,1,1,1,0,1,0,1,0 : 1890.0
1,0,1,0,1,0,0,1,0 : 1980.0
1,0,0,0,0,1,0,0,0 : 1110.0
1,0,1,0,0,0,1,0,1 : 1080.0
1,1,1,0,0,1,1,0,0 : 1890.0
1,1,0,1,0,0,0,0,0 : 1080.0
1,1,0,0,1,1,0,0,0 : 900.0
1,0,0,0,0,1,1,1,0 : 1260.0
1,0,1,1,0,1,1,0,1 : 1080.0
1,1,1,1,1,0,1,0,0 : 1890.0
1,1,0,0,0,1,0,0,0 : 900.0
1,1,0,1,0,1,0,1,0 : 960.0
1,1,0,1,1,0,0,0,0 : 1080.0
1,1,1,0,1,1,0,0,0 : 1890.0
1,0,0,0,1,1,1,0,1 : 1110.0
1,1,1,0,1,1,1,1,0 : 1890.0
1,0,1,1,0,0,0,0,0 : 1980.0
1,0,0,1,1,1,1,0,1 : 1110.0
1,1,0,0,0,0,1,0,1 : 1080.0
1,0,0,0,0,1,1,0,0 : 1110.0
1,1,0,0,1,0,0,1,0 : 1080.0
1,1,1,0,1,0,0,1,0 : 1890.0
