1,1,1,0,1,1,1,0,1,0,1,1,0,1,1,0,1,1,1,0,1,1,1,1,0,0 : 3171.0
1,1,1,0,1,1,1,0,1,0,1,1,0,1,1,0,1,1,1,0,1,1,1,1,0,0 : 3171.0
1,1,1,0,1,1,1,0,1,0,1,1,0,1,1,0,1,1,1,0,1,1,1,1,0,1 : 3171.0
1,1,1,0,1,1,1,0,1,0,1,1,0,1,1,0,1,1,1,0,1,1,1,1,0,1 : 3171.0
1,1,1,0,1,1,1,0,1,0,1,1,0,1,1,0,1,1,1,0,1,1,1,1,0,0 : 3171.0
1,1,1,0,1,1,1,0,1,0,1,1,0,1,1,0,1,1,1,0,1,1,1,1,0,0 : 3171.0
1,1,1,0,1,1,1,0,1,0,1,1,0,1,1,0,1,1,1,0,1,1,1,1,0,0 : 3171.0
1,1,1,0,1,1,1,0,1,0,1,1,0,1,1,0,1,1,1,0,1,1,1,1,0,1 : 3171.0
1,1,1,0,1,1,1,0,1,0,1,1,0,1,1,0,1,1,1,0,1,1,1,1,0,1 : 3171.0
1,1,1,0,1,1,1,0,1,0,1,1,0,1,1,0,1,1,1,0,1,1,1,1,0,1 : 3171.0
1,1,1,0,1,1,1,0,1,0,1,1,0,1,1,0,1,1,1,0,1,1,1,1,0,0 : 3171.0
1,1,1,0,1,1,1,0,1,0,1,1,0,1,1,0,1,1,1,0,1,1,1,1,0,0 : 3171.0
1,1,1,0,1,1,1,0,1,0,1,1,0,1,1,0,1,1,1,0,1,1,1,1,0,1 : 3171.0
1,1,1,0,1,1,1,0,1,0,1,1,0,1,1,0,1,1,1,0,1,1,1,1,0,1 : 3171.0
1,1,1,0,1,1,1,0,1,0,1,1,0,1,1,0,1,1,1,0,1,1,1,1,0,0 : 3171.0
1,1,1,0,1,1,1,0,1,0,1,1,0,1,1,0,1,1,1,0,1,1,1,1,0,0 : 3171.0
1,1,1,0,1,1,1,0,1,0,1,1,0,1,1,0,1,1,1,0,1,1,1,1,0,0 : 3171.0
1,1,1,0,1,1,1,0,1,0,1,1,0,1,1,0,1,1,1,0,1,1,1,1,0,1 : 3171.0
1,1,1,0,1,1,1,0,1,0,1,1,0,1,1,0,1,1,1,0,1,1,1,1,0,1 : 3171.0
1,1,1,0,1,1,1,0,1,0,1,1,0,1,1,0,1,1,1,0,1,1,1,1,0,1 : 3171.0
1,1,1,1,0,1,0,1,0,0,1,1,0,1,1,0,1,1,1,0,0,0,0,0,0,1 : 3451.0
1,1,1,1,0,1,0,1,1,1,1,1,0,1,1,1,1,1,1,0,0,0,0,0,0,1 : 3451.0
1,1,1,1,0,1,0,1,1,1,1,1,0,1,1,0,1,1,1,0,0,0,0,0,0,0 : 3451.0
1,1,1,1,0,1,0,0,1,1,1,1,0,1,1,0,1,1,1,0,0,0,0,0,0,1 : 3451.0
1,1,1,1,0,1,0,1,1,1,1,1,0,1,1,0,1,1,1,0,0,0,0,0,0,1 : 3451.0
1,1,1,1,0,1,0,1,0,0,1,1,0,1,1,0,1,1,1,0,0,0,0,0,0,1 : 3451.0
1,1,1,1,0,0,0,1,0,1,1,1,0,1,1,0,1,1,1,0,0,0,0,0,0,1 : 3451.0
1,1,1,1,0,1,0,0,1,1,1,1,0,1,1,0,1,1,1,0,0,0,0,0,0,1 : 3451.0
1,1,1,1,0,1,0,1,1,1,1,1,0,1,1,0,1,1,1,0,0,0,0,0,0,0 : 3451.0
1,1,1,1,0,1,0,1,1,1,1,1,0,1,1,0,1,1,1,0,0,0,0,0,0,1 : 3451.0
1,1,1,1,0,1,0,0,1,1,1,1,0,1,1,0,1,1,1,0,0,0,0,0,0,1 : 3451.0
1,1,1,1,0,1,0,1,1,1,1,1,0,1,1,0,1,1,1,0,0,0,0,0,0,1 : 3451.0
1,1,1,1,0,0,0,1,0,1,1,1,0,1,1,0,1,1,1,0,0,0,0,0,0,1 : 3451.0
1,1,1,1,0,1,0,1,1,1,1,1,0,1,1,0,1,1,1,0,0,0,0,0,0,1 : 3451.0
1,1,1,1,0,0,0,1,0,1,1,1,0,1,1,0,1,1,1,0,0,0,0,0,0,1 : 3451.0
1,1,1,1,0,1,0,1,1,1,1,1,0,1,1,0,1,1,1,0,0,0,0,0,0,1 : 3451.0
1,1,1,1,0,1,0,1,1,0,1,1,0,1,1,0,1,1,1,0,0,0,0,0,0,0 : 3451.0
1,1,1,1,0,1,0,0,1,1,1,1,0,1,1,0,1,1,1,0,0,0,0,0,0,1 : 3451.0
1,1,1,1,0,1,0,1,1,1,1,1,0,1,1,1,1,1,1,1,0,0,0,0,0,1 : 3451.0
1,1,1,1,0,1,0,1,0,0,1,1,0,1,1,0,1,1,1,0,0,0,0,0,0,1 : 3451.0
1,1,1,1,0,1,0,1,1,1,1,1,0,1,1,1,1,1,1,0,0,0,0,0,0,1 : 3451.0
1,1,1,1,0,1,0,1,1,1,1,1,0,1,1,0,1,1,1,0,0,0,0,0,0,0 : 3451.0
1,1,1,1,0,1,0,0,1,1,1,1,0,1,1,0,1,1,1,0,0,0,0,0,0,1 : 3451.0
1,1,1,1,0,1,0,1,1,1,1,1,0,1,1,0,1,1,1,0,0,0,0,0,0,1 : 3451.0
1,1,1,1,0,1,0,1,0,0,1,1,0,1,1,0,1,1,1,0,0,0,0,0,0,1 : 3451.0
1,1,1,1,0,0,0,1,0,1,1,1,0,1,1,0,1,1,1,0,0,0,0,0,0,1 : 3451.0
1,1,1,1,0,1,0,0,1,1,1,1,0,1,1,0,1,1,1,0,0,0,0,0,0,1 : 3451.0
1,1,1,1,0,1,0,1,1,1,1,1,0,1,1,0,1,1,1,0,0,0,0,0,0,0 : 3451.0
1,1,1,1,0,1,0,1,1,1,1,1,0,1,1,0,1,1,1,0,0,0,0,0,0,1 : 3451.0
1,1,1,1,0,1,0,0,1,1,1,1,0,1,1,0,1,1,1,0,0,0,0,0,0,1 : 3451.0
1,1,1,1,0,1,0,1,1,1,1,1,0,1,1,0,1,1,1,0,0,0,0,0,0,1 : 3451.0
1,1,1,1,0,0,0,1,0,1,1,1,0,1,1,0,1,1,1,0,0,0,0,0,0,1 : 3451.0
1,1,1,1,0,1,0,1,1,1,1,1,0,1,1,0,1,1,1,0,0,0,0,0,0,1 : 3451.0
1,1,1,1,0,0,0,1,0,1,1,1,0,1,1,0,1,1,1,0,0,0,0,0,0,1 : 3451.0
1,1,1,1,0,1,0,1,1,1,1,1,0,1,1,0,1,1,1,0,0,0,0,0,0,1 : 3451.0
1,1,1,1,0,1,0,1,1,0,1,1,0,1,1,0,1,1,1,0,0,0,0,0,0,0 : 3451.0
1,1,1,1,0,1,0,0,1,1,1,1,0,1,1,0,1,1,1,0,0,0,0,0,0,1 : 3451.0
1,1,1,1,0,1,0,1,1,1,1,1,0,1,1,1,1,1,1,1,0,0,0,0,0,1 : 3451.0
1,1,1,1,0,0,0,1,1,0,1,1,0,1,1,1,1,1,1,1,1,1,1,1,0,0 : 3512.0
1,1,1,1,0,0,0,1,1,1,1,1,0,1,1,0,1,1,1,0,1,1,1,1,0,1 : 3512.0
1,1,1,1,0,0,0,1,1,0,1,1,0,1,1,1,1,1,1,0,1,1,1,1,0,1 : 3512.0
1,1,1,1,0,0,0,1,1,1,1,1,0,1,1,1,1,1,1,1,1,1,1,1,0,1 : 3512.0
1,1,1,1,0,0,0,1,0,1,1,1,0,1,1,1,1,1,1,1,1,1,1,1,0,0 : 3512.0
1,1,1,1,0,0,0,1,0,0,1,1,0,1,1,1,1,1,1,1,1,1,1,1,0,0 : 3512.0
1,1,1,1,0,0,0,0,0,1,1,1,0,1,1,1,1,1,1,0,1,1,1,1,0,1 : 3512.0
1,1,1,1,0,1,0,0,1,1,1,1,0,1,1,0,1,1,1,0,1,1,1,1,0,1 : 3512.0
1,1,1,1,0,0,0,0,0,1,1,1,0,1,1,1,1,1,1,1,1,1,1,1,0,1 : 3512.0
1,1,1,1,0,0,0,1,1,1,1,1,0,1,1,0,1,1,1,0,1,1,1,1,0,1 : 3512.0
1,1,1,1,0,0,0,0,1,1,1,1,0,1,1,1,1,1,1,0,1,1,1,1,0,0 : 3512.0
1,1,1,1,0,0,0,1,1,1,1,1,0,1,1,1,1,1,1,1,1,1,1,1,0,1 : 3512.0
1,1,1,1,0,1,0,1,0,0,1,1,0,1,1,1,1,1,1,0,1,1,1,1,0,1 : 3512.0
1,1,1,1,0,0,1,0,1,1,1,1,0,1,1,1,1,1,1,0,1,1,1,1,0,0 : 3512.0
1,1,1,1,0,0,0,0,1,0,1,1,0,1,1,1,1,1,1,0,1,1,1,1,0,1 : 3512.0
1,1,1,1,0,0,0,0,0,1,1,1,0,1,1,1,1,1,1,0,1,1,1,1,0,1 : 3512.0
1,1,1,1,0,0,1,1,0,1,1,1,0,1,1,1,1,1,1,0,1,1,1,1,0,1 : 3512.0
1,1,1,1,0,1,0,0,1,1,1,1,0,1,1,1,1,1,1,1,1,1,1,1,0,0 : 3512.0
1,1,1,1,0,0,0,1,0,1,1,1,0,1,1,1,1,1,1,1,1,1,1,1,0,0 : 3512.0
1,1,1,1,0,0,0,1,0,0,1,1,0,1,1,1,1,1,1,1,1,1,1,1,0,1 : 3512.0
1,1,1,1,0,0,0,1,0,0,1,1,0,1,1,1,1,1,1,1,1,1,1,1,0,0 : 3512.0
1,1,1,1,0,0,0,1,0,0,1,1,0,1,1,1,1,1,1,1,1,1,1,1,0,0 : 3512.0
1,1,1,1,0,1,0,0,0,1,1,1,0,1,1,1,1,1,1,1,1,1,1,1,0,1 : 3512.0
1,1,1,1,0,0,0,1,0,1,1,1,0,1,1,1,1,1,1,1,1,1,1,1,0,1 : 3512.0
1,1,1,1,0,0,0,1,1,1,1,1,0,1,1,1,1,1,1,1,1,1,1,1,0,0 : 3512.0
1,1,1,1,0,0,0,0,1,0,1,1,0,1,1,1,1,1,1,0,1,1,1,1,0,1 : 3512.0
1,1,1,1,0,0,0,1,1,1,1,1,0,1,1,1,1,1,1,1,1,1,1,1,0,1 : 3512.0
1,1,1,1,0,0,0,1,0,1,1,1,0,1,1,1,1,1,1,1,1,1,1,1,0,0 : 3512.0
1,1,1,1,0,0,0,0,1,0,1,1,0,1,1,1,1,1,1,0,1,1,1,1,0,1 : 3512.0
1,1,1,1,0,0,0,0,0,1,1,1,0,1,1,1,1,1,1,0,1,1,1,1,0,1 : 3512.0
1,1,1,1,0,1,0,0,1,1,1,1,0,1,1,1,1,1,1,0,1,1,1,1,0,1 : 3512.0
1,1,1,1,0,0,0,0,0,1,1,1,0,1,1,1,1,1,1,1,1,1,1,1,0,1 : 3512.0
1,1,1,1,0,0,0,1,1,1,1,1,0,1,1,0,1,1,1,0,1,1,1,1,0,1 : 3512.0
1,1,1,1,0,0,0,1,1,0,1,1,0,1,1,1,1,1,1,1,1,1,1,1,0,0 : 3512.0
1,1,1,1,0,0,0,1,1,0,1,1,0,1,1,1,1,1,1,0,1,1,1,1,0,1 : 3512.0
1,1,1,1,0,0,0,1,1,1,1,1,0,1,1,1,1,1,1,1,1,1,1,1,0,1 : 3512.0
1,1,1,1,0,0,0,1,0,1,1,1,0,1,1,1,1,1,1,1,1,1,1,1,0,0 : 3512.0
1,1,1,1,0,0,0,1,0,0,1,1,0,1,1,1,1,1,1,1,1,1,1,1,0,0 : 3512.0
1,1,1,1,0,0,0,0,0,1,1,1,0,1,1,1,1,1,1,0,1,1,1,1,0,1 : 3512.0
1,1,1,1,0,1,0,0,1,1,1,1,0,1,1,0,1,1,1,0,1,1,1,1,0,1 : 3512.0
1,1,1,1,0,0,0,0,0,1,1,1,0,1,1,1,1,1,1,1,1,1,1,1,0,1 : 3512.0
1,1,1,1,0,0,0,1,1,1,1,1,0,1,1,0,1,1,1,0,1,1,1,1,0,1 : 3512.0
