1,1,0,0,1,0,1,1,1,1,0,0,1,0,1,0,0,0,0,1,0,0,1,0,1,1,0,0,1,0,0,0,0,0,0,1,1,0,0 : 13.024
1,1,0,0,1,0,1,1,1,1,0,1,1,0,1,0,0,1,0,1,0,0,1,0,1,1,0,0,1,0,0,1,0,1,0,1,1,0,0 : 13.024
1,1,0,0,0,0,1,1,1,0,1,0,1,0,0,0,1,1,0,1,0,0,1,0,1,1,0,0,1,0,0,1,0,1,0,1,1,0,0 : 13.024
0,1,0,0,1,0,1,1,0,1,0,0,1,0,1,0,0,0,0,1,0,0,1,0,1,1,0,0,1,0,0,1,0,1,0,1,0,0,0 : 13.024
1,1,0,1,0,0,1,1,1,1,1,0,1,0,0,0,1,0,0,1,0,0,1,0,1,1,0,1,1,0,0,1,0,1,0,1,1,0,0 : 13.024
1,1,0,0,0,0,1,1,1,0,0,0,1,0,0,0,1,1,0,1,0,0,1,0,1,1,0,0,1,0,0,1,0,1,0,1,1,0,0 : 13.024
1,1,0,0,1,0,1,1,1,1,0,0,1,0,1,0,0,0,0,1,0,0,1,0,1,1,0,0,1,0,0,0,0,0,0,1,1,0,0 : 13.024
1,1,0,0,1,0,1,1,1,1,0,1,1,0,1,0,0,1,0,1,0,0,1,0,1,1,0,0,1,0,0,1,0,1,0,1,1,0,0 : 13.024
1,1,0,0,0,0,1,0,1,0,1,0,1,0,0,0,1,1,0,1,1,0,1,0,1,1,0,1,1,0,0,1,0,1,0,1,1,0,0 : 13.024
0,1,0,0,1,0,1,1,1,1,0,0,1,0,1,0,0,0,0,1,0,0,1,0,1,1,0,0,1,0,0,1,0,1,0,0,0,0,0 : 13.024
1,1,0,1,0,0,1,1,1,1,1,0,1,0,0,0,1,0,0,1,0,0,1,0,0,1,0,1,1,0,0,1,0,1,0,1,1,0,0 : 13.024
1,1,0,0,0,0,1,1,1,0,0,0,1,0,0,0,1,1,0,1,0,0,1,0,1,1,0,0,1,0,0,1,0,1,0,1,1,0,0 : 13.024
1,1,0,0,1,0,1,1,1,1,0,0,1,0,1,0,0,0,0,1,0,0,1,0,1,1,0,0,1,0,0,0,0,0,0,1,1,0,0 : 13.024
1,1,0,0,1,0,1,1,1,1,0,1,1,0,1,0,0,1,0,1,0,0,1,0,1,1,0,0,1,0,0,1,0,1,0,1,1,0,0 : 13.024
1,1,0,0,0,0,1,1,1,0,1,0,1,0,0,0,1,1,0,1,0,0,1,0,1,1,0,0,1,0,0,1,0,1,0,1,1,0,0 : 13.024
0,1,0,0,1,0,1,1,0,1,0,0,1,0,1,0,0,0,0,1,0,0,1,0,1,1,0,0,1,0,0,1,0,1,0,1,0,0,0 : 13.024
1,1,0,1,0,0,1,1,1,1,1,0,1,0,0,0,1,0,0,1,0,0,1,0,1,1,0,1,1,0,0,1,0,1,0,1,1,0,0 : 13.024
1,1,0,0,0,0,1,1,1,0,0,0,1,0,0,0,1,1,0,1,0,0,1,0,1,1,0,0,1,0,0,1,0,1,0,1,1,0,0 : 13.024
1,1,0,0,1,0,1,1,1,1,0,0,1,0,1,0,0,0,0,1,0,0,1,0,1,1,0,0,1,0,0,0,0,0,0,1,1,0,0 : 13.024
1,1,0,0,1,0,1,1,1,1,0,1,1,0,1,0,0,1,0,1,0,0,1,0,1,1,0,0,1,0,0,1,0,1,0,1,1,0,0 : 13.024
1,1,0,0,0,0,1,0,1,0,1,0,1,0,0,0,1,1,0,1,1,0,1,0,1,1,0,1,1,0,0,1,0,1,0,1,1,0,0 : 13.024
0,1,0,0,1,0,1,1,1,1,0,0,1,0,1,0,0,0,0,1,0,0,1,0,1,1,0,0,1,0,0,1,0,1,0,0,0,0,0 : 13.024
1,1,0,1,0,0,1,1,1,1,1,0,1,0,0,0,1,0,0,1,0,0,1,0,0,1,0,1,1,0,0,1,0,1,0,1,1,0,0 : 13.024
1,1,0,0,0,0,1,1,1,0,0,0,1,0,0,0,1,1,0,1,0,0,1,0,1,1,0,0,1,0,0,1,0,1,0,1,1,0,0 : 13.024
1,1,1,1,0,0,0,0,1,0,1,0,0,0,0,1,1,1,1,1,0,1,1,0,0,0,1,0,0,0,1,0,1,0,1,0,0,0,1 : 13.168
0,0,0,1,1,0,0,1,1,0,1,0,0,0,1,1,0,0,0,1,0,1,1,0,1,0,1,0,1,1,0,0,1,0,1,0,0,0,1 : 13.168
0,0,1,1,0,0,0,0,0,0,0,1,0,1,0,0,0,1,1,1,0,1,1,0,1,1,0,0,0,0,0,0,1,1,0,0,0,0,1 : 13.168
0,0,1,1,0,0,0,1,1,0,0,1,0,1,0,0,0,1,1,1,0,1,1,0,1,1,0,0,0,1,0,0,1,0,0,0,0,0,1 : 13.168
0,1,1,1,0,0,0,0,1,0,1,0,0,0,0,1,0,0,1,1,0,1,1,0,0,0,1,0,0,0,1,0,1,0,1,0,0,0,1 : 13.168
0,0,1,1,0,0,0,1,0,1,1,1,0,0,1,0,0,0,0,1,1,0,1,0,1,1,0,0,1,1,0,0,0,0,0,0,0,0,1 : 13.168
0,1,0,1,0,0,0,0,1,0,1,0,0,0,0,1,0,0,1,1,0,1,1,0,0,0,1,0,0,1,1,0,1,0,1,0,0,0,1 : 13.168
0,1,0,1,1,0,0,0,1,0,1,0,0,0,1,1,0,0,0,1,0,1,1,0,1,0,1,0,1,1,0,0,1,0,1,0,0,0,1 : 13.168
1,0,1,1,0,0,0,1,1,1,1,1,0,0,0,0,0,1,0,1,1,1,1,0,1,1,0,0,0,1,0,0,0,0,0,0,0,0,1 : 13.168
0,1,1,1,0,0,0,1,1,0,0,1,0,1,0,0,0,1,1,1,0,1,1,0,1,1,0,0,0,0,0,0,1,0,0,0,0,0,1 : 13.168
0,1,1,1,0,0,0,0,1,0,1,0,0,0,0,1,0,0,1,1,0,1,1,0,0,0,1,0,1,0,1,0,1,0,1,0,0,0,1 : 13.168
1,0,1,1,0,0,0,1,1,0,0,1,0,1,1,0,0,0,1,1,1,1,1,0,1,1,0,0,0,1,1,0,1,1,0,0,0,0,1 : 13.168
1,1,0,1,0,1,0,0,1,0,1,0,0,0,0,1,1,1,1,1,0,1,1,1,0,0,1,0,0,0,1,0,1,0,1,0,0,0,1 : 13.168
0,1,0,1,1,0,0,0,1,0,1,0,0,0,1,1,0,0,0,1,0,1,1,0,1,0,1,0,1,1,0,0,1,0,1,0,0,0,1 : 13.168
0,0,1,1,0,0,0,1,1,0,0,1,0,1,0,1,0,1,1,1,0,1,1,0,1,1,0,0,0,1,0,0,1,0,0,0,0,0,1 : 13.168
0,1,1,1,0,0,0,0,1,0,1,0,0,0,0,1,0,0,1,1,0,1,1,0,0,0,1,0,0,0,1,0,0,0,1,0,0,0,1 : 13.168
0,1,1,1,0,0,0,1,1,0,0,1,0,1,0,0,0,1,1,1,0,1,1,0,0,1,0,0,0,0,0,0,1,1,0,0,0,0,0 : 13.168
0,1,1,0,1,0,0,0,1,0,1,0,0,0,0,0,0,1,1,1,0,1,1,1,1,0,1,0,1,0,0,0,1,0,0,0,0,0,1 : 13.168
0,1,0,1,0,0,0,0,1,0,1,0,0,0,0,1,0,0,1,1,0,1,1,0,0,0,1,0,0,0,1,0,0,0,1,0,0,0,1 : 13.168
1,1,0,1,1,0,0,0,1,0,1,0,0,0,1,1,0,0,0,1,0,1,1,0,1,0,1,0,0,1,0,0,1,0,1,0,0,0,1 : 13.168
0,0,1,1,0,0,0,1,1,1,1,1,0,0,0,0,0,1,0,1,1,1,1,0,1,1,0,0,1,1,0,0,0,0,0,0,0,0,1 : 13.168
0,0,1,1,0,0,0,1,1,0,0,1,0,1,0,0,0,1,1,1,0,1,1,0,1,1,0,0,0,1,0,0,1,0,0,0,0,0,1 : 13.168
0,1,1,1,0,0,0,0,1,0,1,0,0,0,0,1,0,0,1,1,0,1,1,0,0,0,1,0,0,0,1,0,1,0,1,0,0,0,1 : 13.168
1,0,1,1,0,0,0,1,1,0,0,1,0,1,1,0,0,1,1,1,1,1,1,0,1,1,0,0,1,1,1,0,0,0,0,0,0,0,1 : 13.168
1,0,1,1,0,0,0,1,1,0,0,1,0,1,1,0,0,1,1,1,1,0,1,0,1,1,0,0,0,0,0,0,1,0,0,0,0,0,0 : 13.168
0,0,1,1,0,0,0,1,1,0,0,1,0,1,1,0,0,0,1,1,1,1,1,0,1,1,0,0,0,0,0,0,1,0,0,0,0,0,0 : 13.168
1,1,1,1,0,0,0,0,1,0,1,0,0,0,0,1,1,1,1,1,0,1,1,0,0,0,1,0,0,0,1,0,1,0,1,0,0,0,1 : 13.168
0,0,0,1,1,0,0,1,1,0,1,0,0,0,1,1,0,0,0,1,0,1,1,0,1,0,1,0,1,1,0,0,1,0,1,0,0,0,1 : 13.168
0,0,1,1,0,0,0,0,0,0,0,1,0,1,0,0,0,1,1,1,0,1,1,0,1,1,0,0,0,0,0,0,1,1,0,0,0,0,1 : 13.168
0,0,1,1,0,0,0,1,1,0,0,1,0,1,0,0,0,1,1,1,0,1,1,0,1,1,0,0,0,1,0,0,1,0,0,0,0,0,1 : 13.168
0,1,1,1,0,0,0,0,1,0,1,0,0,0,0,1,0,0,1,1,0,1,1,0,0,0,1,0,0,0,1,0,1,0,1,0,0,0,1 : 13.168
0,0,1,1,0,0,0,1,0,1,1,1,0,0,1,0,0,0,0,1,1,0,1,0,1,1,0,0,1,1,0,0,0,0,0,0,0,0,1 : 13.168
0,1,0,1,0,0,0,0,1,0,1,0,0,0,0,1,0,0,1,1,0,1,1,0,0,0,1,0,0,1,1,0,1,0,1,0,0,0,1 : 13.168
0,1,0,1,1,0,0,0,1,0,1,0,0,0,1,1,0,0,0,1,0,1,1,0,1,0,1,0,1,1,0,0,1,0,1,0,0,0,1 : 13.168
1,0,1,1,0,0,0,1,1,1,1,1,0,0,0,0,0,1,0,1,1,1,1,0,1,1,0,0,0,1,0,0,0,0,0,0,0,0,1 : 13.168
0,1,1,1,0,0,0,1,1,0,0,1,0,1,0,0,0,1,1,1,0,1,1,0,1,1,0,0,0,0,0,0,1,0,0,0,0,0,1 : 13.168
0,1,1,1,0,0,0,0,1,0,1,0,0,0,0,1,0,0,1,1,0,1,1,0,0,0,1,0,1,0,1,0,1,0,1,0,0,0,1 : 13.168
1,0,1,1,0,0,0,1,1,0,0,1,0,1,1,0,0,0,1,1,1,1,1,0,1,1,0,0,0,1,1,0,1,1,0,0,0,0,1 : 13.168
1,1,0,1,0,1,0,0,1,0,1,0,0,0,0,1,1,1,1,1,0,1,1,1,0,0,1,0,0,0,1,0,1,0,1,0,0,0,1 : 13.168
0,1,0,1,1,0,0,0,1,0,1,0,0,0,1,1,0,0,0,1,0,1,1,0,1,0,1,0,1,1,0,0,1,0,1,0,0,0,1 : 13.168
0,0,1,1,0,0,0,1,1,0,0,1,0,1,0,1,0,1,1,1,0,1,1,0,1,1,0,0,0,1,0,0,1,0,0,0,0,0,1 : 13.168
0,1,1,1,0,0,0,0,1,0,1,0,0,0,0,1,0,0,1,1,0,1,1,0,0,0,1,0,0,0,1,0,0,0,1,0,0,0,1 : 13.168
0,1,1,1,0,0,0,1,1,0,0,1,0,1,0,0,0,1,1,1,0,1,1,0,0,1,0,0,0,0,0,0,1,1,0,0,0,0,0 : 13.168
0,1,1,0,1,0,0,0,1,0,1,0,0,0,0,0,0,1,1,1,0,1,1,1,1,0,1,0,1,0,0,0,1,0,0,0,0,0,1 : 13.168
0,1,0,1,0,0,0,0,1,0,1,0,0,0,0,1,0,0,1,1,0,1,1,0,0,0,1,0,0,0,1,0,0,0,1,0,0,0,1 : 13.168
1,1,0,1,1,0,0,0,1,0,1,0,0,0,1,1,0,0,0,1,0,1,1,0,1,0,1,0,0,1,0,0,1,0,1,0,0,0,1 : 13.168
0,0,1,1,0,0,0,1,1,1,1,1,0,0,0,0,0,1,0,1,1,1,1,0,1,1,0,0,1,1,0,0,0,0,0,0,0,0,1 : 13.168
0,0,1,1,0,0,0,1,1,0,0,1,0,1,0,0,0,1,1,1,0,1,1,0,1,1,0,0,0,1,0,0,1,0,0,0,0,0,1 : 13.168
0,1,1,1,0,0,0,0,1,0,1,0,0,0,0,1,0,0,1,1,0,1,1,0,0,0,1,0,0,0,1,0,1,0,1,0,0,0,1 : 13.168
1,0,1,1,0,0,0,1,1,0,0,1,0,1,1,0,0,1,1,1,1,1,1,0,1,1,0,0,1,1,1,0,0,0,0,0,0,0,1 : 13.168
1,0,1,1,0,0,0,1,1,0,0,1,0,1,1,0,0,1,1,1,1,0,1,0,1,1,0,0,0,0,0,0,1,0,0,0,0,0,0 : 13.168
0,0,1,1,0,0,0,1,1,0,0,1,0,1,1,0,0,0,1,1,1,1,1,0,1,1,0,0,0,0,0,0,1,0,0,0,0,0,0 : 13.168
1,0,1,1,0,0,0,1,0,0,0,0,0,1,0,1,1,1,1,1,0,1,1,0,1,1,0,0,0,0,0,0,0,1,0,1,0,0,1 : 13.1698
1,0,1,1,0,0,0,1,1,0,0,1,0,1,1,0,0,1,1,1,1,0,1,0,1,1,0,0,1,0,0,0,1,0,1,1,0,0,0 : 13.1698
1,0,1,1,0,0,0,1,0,0,0,1,0,1,1,0,0,1,0,1,1,1,1,0,0,1,0,0,1,0,0,0,0,0,1,1,0,0,0 : 13.1698
0,0,1,0,0,1,0,0,0,1,0,0,0,1,0,0,0,1,1,1,0,1,1,1,1,1,0,0,1,0,0,0,0,0,0,1,0,0,0 : 13.1698
0,1,1,1,0,0,0,1,1,0,1,1,0,1,0,0,0,0,1,1,0,0,1,0,1,1,0,0,0,0,0,0,1,1,0,1,0,0,0 : 13.1698
1,0,1,0,0,1,0,1,0,0,0,1,0,1,0,0,0,1,1,1,0,0,1,0,1,1,0,0,1,0,0,0,0,1,0,1,0,0,0 : 13.1698
1,0,1,0,0,1,0,1,0,0,0,0,0,1,0,0,1,1,1,1,1,1,1,0,1,1,0,0,1,1,0,0,0,0,0,1,0,0,0 : 13.1698
0,1,0,1,0,0,0,1,0,0,0,0,0,1,0,0,0,1,1,1,0,0,1,0,1,1,0,0,0,0,0,0,1,0,0,1,0,0,0 : 13.1698
1,0,1,1,0,0,0,0,1,0,0,1,0,1,1,0,0,1,0,1,1,1,1,0,1,1,0,0,0,1,1,0,0,0,0,1,0,0,1 : 13.1698
1,0,0,1,0,0,0,1,0,0,0,1,0,1,1,0,1,1,1,1,0,1,1,0,1,1,0,0,0,0,0,0,1,1,0,1,0,0,0 : 13.1698
1,0,1,1,0,0,0,1,1,0,1,1,0,1,1,0,0,0,0,1,0,1,1,0,1,1,0,0,0,0,0,0,1,1,1,1,0,0,0 : 13.1698
1,0,1,1,0,0,0,0,0,0,0,1,0,0,1,0,0,1,1,1,1,1,1,0,0,1,0,1,1,0,0,0,1,0,0,1,0,0,0 : 13.1698
1,0,1,1,0,0,0,1,0,0,0,0,0,1,0,1,0,1,1,1,0,0,1,0,1,1,0,0,0,0,0,0,0,0,0,1,0,0,0 : 13.1698
1,0,1,1,0,0,0,1,1,0,0,1,0,1,1,0,0,1,1,1,1,1,1,0,1,1,0,0,0,0,0,0,1,0,1,1,0,0,0 : 13.1698
0,0,1,1,0,0,0,1,0,0,1,1,0,1,0,0,0,0,1,1,0,0,1,0,1,1,0,0,0,0,0,0,0,1,0,1,0,0,0 : 13.1698
1,0,1,1,0,0,0,1,0,0,0,1,0,1,1,0,0,1,1,1,1,1,1,0,1,1,0,0,0,0,0,0,1,1,1,1,0,0,0 : 13.1698
1,0,1,1,0,0,0,1,1,0,0,1,0,0,1,1,0,1,0,1,1,1,1,0,1,1,0,0,1,0,0,0,1,0,1,1,0,0,0 : 13.1698
1,0,0,1,0,0,0,1,1,0,0,1,0,1,1,0,0,1,1,1,0,0,1,0,1,1,0,0,0,0,1,1,1,0,1,1,0,0,0 : 13.1698
1,0,1,1,0,0,0,1,1,0,0,1,0,1,1,0,0,1,1,1,1,0,1,0,1,1,0,0,1,0,1,0,1,1,1,1,0,0,0 : 13.1698
1,0,1,0,0,1,0,1,0,0,0,0,0,1,0,0,1,1,1,1,1,1,1,0,1,1,0,0,1,1,0,0,1,0,0,1,0,0,0 : 13.1698
0,1,1,1,0,0,0,1,0,0,0,0,0,1,0,0,0,1,1,1,0,0,1,0,0,1,0,0,0,0,0,0,1,1,0,1,0,0,0 : 13.1698
1,0,1,0,0,1,0,1,0,0,0,0,0,1,0,0,0,1,1,1,0,0,1,0,1,1,0,0,1,0,0,0,0,1,1,1,0,0,0 : 13.1698
1,0,1,1,0,0,0,1,1,0,0,1,0,1,1,0,0,0,0,1,1,1,1,0,1,1,0,0,0,0,0,0,1,1,1,1,0,0,0 : 13.1698
1,0,1,1,0,0,0,1,0,0,0,0,0,1,0,1,0,1,1,1,0,0,1,0,1,1,0,0,0,0,1,0,0,0,0,1,0,0,0 : 13.1698
