1,1,0,0,0,1,0,0,1,0,1,0,0,0,0,1,0,0,1,1,1,0,0,0,0,1,0,0,0,0,0,0,1,1,0,0,0,1,0 : 13.1776
1,0,0,1,0,0,1,0,0,0,0,0,0,0,0,0,1,0,1,1,1,1,1,1,0,0,0,1,0,0,1,0,0,1,0,1,0,1,1 : 13.176
1,1,0,0,0,1,0,1,0,1,0,1,0,0,0,1,0,0,1,0,0,1,0,1,0,0,0,1,0,0,1,0,1,1,0,0,0,1,1 : 13.2777
0,0,1,1,0,0,0,0,0,0,1,0,1,1,0,1,1,0,1,0,1,0,0,1,1,1,0,0,1,0,0,1,1,0,0,0,0,0,0 : 13.7308
1,1,0,1,0,1,0,1,1,1,1,0,0,0,0,1,1,1,0,1,0,0,1,1,0,1,0,1,1,0,0,0,1,0,0,0,1,1,0 : 13.4263
0,1,0,0,0,1,1,0,1,0,0,1,0,1,1,1,0,1,0,0,0,0,1,0,0,0,1,0,0,0,0,0,0,0,0,0,0,0,0 : 13.2777
1,1,0,1,1,1,0,1,1,1,1,1,1,0,0,1,0,1,0,1,1,0,0,0,0,0,0,1,1,0,0,0,0,1,0,0,1,0,1 : 13.8408
1,1,0,1,1,0,0,1,1,1,1,1,1,1,0,0,1,1,1,1,0,0,0,1,1,0,1,0,0,0,1,0,1,0,0,0,1,0,1 : 13.9463
1,0,0,0,1,0,1,1,1,0,0,1,1,0,0,1,0,0,1,0,0,0,0,1,0,1,0,1,0,0,1,0,1,1,0,0,1,1,1 : 13.3405
0,1,0,0,0,1,0,1,1,1,1,1,0,0,0,1,0,1,0,0,0,1,1,0,0,0,0,1,0,0,1,1,1,0,0,0,0,1,1 : 13.2777
0,1,0,1,1,1,1,0,1,0,1,0,0,1,1,1,0,1,0,0,0,1,0,0,0,0,0,1,0,0,1,0,0,1,0,1,0,1,0 : 13.2777
1,1,0,0,0,0,1,1,1,1,0,0,1,0,1,0,1,0,1,1,1,0,1,0,1,1,0,1,1,0,0,1,0,1,0,0,1,1,0 : 13.2188
1,0,0,1,1,0,0,1,1,1,1,1,0,0,0,0,1,1,0,1,1,0,1,0,0,1,1,1,0,1,0,0,0,1,0,0,1,1,1 : 13.7551
0,0,0,1,0,1,1,1,0,0,1,1,0,0,0,0,1,0,1,1,1,0,0,0,1,1,0,0,0,0,1,0,0,1,0,0,1,1,1 : 13.176
0,1,0,0,1,1,1,0,1,1,0,0,1,1,1,0,0,1,1,0,1,0,1,0,0,1,0,0,1,1,0,0,0,0,1,0,1,0,0 : 13.8916
1,1,0,0,0,0,0,1,1,1,0,1,0,1,0,0,1,0,1,0,0,0,1,0,1,1,0,0,0,1,1,0,1,0,0,1,1,1,1 : 13.3405
0,1,0,1,0,1,1,1,1,1,0,1,0,1,1,1,1,0,1,1,1,1,1,0,0,0,1,1,0,1,0,1,0,1,0,1,0,1,0 : 14.2166
0,0,0,0,1,1,1,0,1,1,1,0,0,0,1,1,0,0,1,0,0,0,1,1,0,1,1,0,0,0,1,0,0,0,0,1,0,0,0 : 13.7033
0,0,0,1,1,0,0,0,0,1,1,1,0,0,0,0,1,1,0,1,0,1,0,1,0,0,1,1,0,1,0,0,1,0,0,1,1,1,0 : 13.7551
0,0,0,0,0,1,0,0,1,1,0,1,0,0,0,1,0,0,1,0,1,0,0,1,0,0,0,0,1,1,1,0,1,0,0,0,0,1,1 : 13.2777
0,1,0,0,1,1,1,1,1,1,0,1,1,1,0,1,0,1,0,0,0,1,0,0,1,0,1,1,0,1,0,0,1,0,0,1,0,1,1 : 13.2777
1,0,0,0,0,1,1,1,0,1,1,1,1,0,1,0,1,1,0,1,1,0,1,0,1,1,0,0,0,1,0,0,0,1,0,0,0,0,0 : 13.024
1,1,0,1,0,1,0,1,1,1,0,1,0,1,1,0,0,1,0,0,1,1,0,1,1,1,0,1,1,0,0,1,0,1,0,0,1,0,0 : 13.5231
1,1,0,1,1,0,1,0,0,0,1,1,1,0,0,1,0,1,1,0,1,0,0,1,0,0,0,1,0,0,1,0,1,1,0,1,1,0,0 : 13.2777
1,1,1,0,0,1,0,1,0,1,1,1,0,1,0,1,0,0,0,1,1,1,1,1,0,0,1,1,0,0,1,1,0,1,1,0,0,0,1 : 13.168
1,0,0,0,1,0,0,0,0,0,1,1,0,0,0,0,0,1,1,0,1,0,1,1,0,1,0,0,0,0,0,1,1,0,0,0,0,1,0 : 13.3405
0,0,0,1,0,0,1,1,0,1,0,1,1,0,0,0,0,0,0,1,1,0,0,1,0,1,0,0,0,0,1,0,1,1,0,0,1,1,1 : 13.176
1,1,0,1,0,0,0,1,0,1,0,1,1,0,0,1,0,1,0,1,1,0,0,1,0,1,0,0,0,0,1,1,0,1,0,1,1,0,0 : 13.9463
0,1,0,0,0,0,0,0,1,1,1,1,0,0,1,0,0,0,1,1,1,1,0,0,0,1,0,0,0,1,1,1,1,0,0,1,1,0,0 : 13.7198
0,0,0,0,0,0,1,1,0,1,1,1,0,1,0,1,1,0,1,1,0,1,1,1,0,0,0,1,0,0,1,0,0,1,0,0,0,1,1 : 13.1776
1,0,0,0,1,1,0,0,1,0,0,0,0,0,1,1,0,0,0,0,1,1,0,0,0,1,1,1,0,1,0,1,1,0,0,0,0,1,1 : 13.3405
1,0,0,1,0,1,0,1,1,0,1,0,1,1,1,0,1,1,1,1,1,0,0,0,1,1,0,0,1,1,1,0,0,1,0,0,0,1,1 : 13.176
1,0,0,1,0,0,0,0,0,1,1,0,1,1,1,1,0,0,0,0,0,0,0,0,0,0,1,0,0,1,0,0,0,1,0,0,1,1,1 : 13.2777
0,1,1,0,0,1,0,0,1,0,1,1,1,0,0,0,0,1,1,1,0,1,1,0,0,0,0,1,0,1,0,0,0,1,0,1,0,1,0 : 13.2188
1,0,0,1,1,1,0,1,1,0,1,1,1,0,1,1,0,0,0,0,0,0,0,1,0,0,1,0,1,1,1,0,0,0,0,0,0,1,1 : 13.2777
1,0,0,0,0,1,1,0,1,0,0,0,0,1,0,1,1,1,0,0,0,1,1,1,0,0,1,0,1,1,1,0,0,1,1,1,0,0,0 : 13.2777
1,1,0,0,0,1,0,1,1,1,1,1,0,0,1,1,0,1,1,1,0,0,0,1,0,0,0,0,0,0,0,0,0,1,0,1,0,1,0 : 13.1776
1,1,0,1,1,0,1,0,1,1,0,1,0,0,0,1,0,0,0,0,1,0,0,1,0,0,1,0,1,0,1,0,1,0,0,1,1,1,1 : 13.2777
0,0,1,1,0,0,0,0,0,1,1,1,0,0,0,0,0,1,1,1,1,0,0,0,1,1,0,0,1,1,0,0,0,0,0,0,0,1,0 : 13.176
0,0,0,1,1,1,1,1,1,0,0,0,1,1,0,1,0,1,1,0,1,1,0,1,0,0,0,0,1,0,0,0,1,0,0,0,0,0,0 : 13.2777
0,0,0,1,0,1,1,0,0,1,1,0,1,0,1,1,0,1,0,1,0,1,0,1,0,1,1,1,1,0,0,1,1,0,1,0,0,0,1 : 16.0462
0,1,0,1,0,0,1,0,0,0,0,0,0,1,0,0,0,0,1,0,1,0,1,0,0,1,0,1,0,1,0,0,1,1,0,1,0,1,1 : 13.3405
1,0,0,1,0,0,0,0,0,1,0,0,0,0,0,1,1,1,0,0,1,0,1,1,1,0,1,0,1,0,1,0,1,1,0,0,0,1,1 : 13.2777
1,0,0,1,0,1,1,1,1,0,0,0,0,0,1,1,0,0,1,0,0,1,1,0,0,0,1,0,0,1,1,1,0,1,0,0,0,1,0 : 13.2777
1,1,0,1,1,0,0,1,0,0,1,1,1,1,1,1,0,1,0,0,0,1,1,0,0,1,0,0,0,1,1,0,1,1,0,1,0,1,1 : 13.3405
1,0,1,1,0,0,0,1,1,1,0,1,0,0,0,0,0,0,1,0,1,1,0,0,1,1,0,0,1,1,0,0,1,0,0,1,0,1,1 : 14.7919
0,0,0,0,0,1,0,0,0,1,0,0,1,1,0,0,0,1,1,1,0,0,0,0,1,1,0,0,0,0,0,0,1,0,0,1,0,1,0 : 13.176
0,0,0,1,0,1,0,0,1,0,1,1,0,1,0,0,0,0,0,1,0,1,0,0,0,1,0,0,0,1,1,1,0,1,0,0,1,1,1 : 13.176
0,1,0,1,0,1,0,1,0,1,0,1,0,1,1,1,0,1,1,1,0,1,0,1,0,1,0,0,0,0,0,0,0,1,0,1,1,1,1 : 13.1776
0,1,0,1,0,1,1,1,1,0,1,0,0,0,1,1,0,0,1,1,1,1,0,0,0,0,0,0,1,0,0,1,0,1,1,0,0,1,0 : 13.1776
0,0,0,1,0,1,1,1,1,0,1,1,0,1,0,1,0,0,1,1,0,0,1,0,0,1,0,0,1,0,1,1,0,1,0,0,0,1,1 : 13.1776
1,0,0,0,0,1,1,0,1,0,0,0,0,1,1,0,1,0,1,1,0,1,1,0,1,0,1,0,0,1,1,1,0,1,0,0,1,1,0 : 13.8644
1,0,1,1,0,0,0,1,1,0,0,1,0,1,1,0,0,1,1,1,0,0,1,0,1,1,0,0,0,0,0,0,1,0,1,1,0,0,0 : 13.1698
0,1,0,0,1,0,1,1,0,1,0,1,1,1,1,1,1,0,0,0,1,1,1,0,0,1,0,0,0,1,1,0,0,0,0,0,0,1,1 : 13.3405
0,1,0,1,0,1,0,1,1,1,0,0,0,0,0,1,0,0,1,1,0,0,1,0,0,1,0,1,0,1,0,0,0,1,0,0,0,0,1 : 13.168
0,1,0,0,0,1,1,0,1,1,0,0,0,1,1,1,0,1,1,0,1,1,0,1,0,0,1,0,1,0,1,0,1,0,1,1,0,0,0 : 13.2777
0,0,0,1,0,0,1,0,0,0,1,1,0,1,0,1,0,0,1,1,0,0,1,1,0,0,0,0,0,0,1,0,1,0,0,0,0,1,1 : 13.1776
1,1,0,0,1,1,0,0,0,0,0,1,0,0,0,0,1,0,1,0,1,0,1,1,0,0,0,0,0,1,1,0,1,1,0,1,1,0,1 : 13.5915
0,1,0,1,1,1,0,1,1,1,1,1,0,1,0,0,0,0,1,0,0,0,0,1,0,1,1,0,0,0,0,0,1,1,0,1,0,1,0 : 13.3405
0,1,0,1,0,0,0,1,1,1,1,0,0,1,1,0,0,0,1,1,0,1,0,1,0,1,0,0,1,0,0,0,0,0,0,0,1,1,0 : 13.2188
0,1,0,1,0,1,0,1,1,0,1,1,0,1,0,0,0,0,0,1,0,0,1,1,0,0,0,0,0,1,0,0,1,0,0,0,1,1,0 : 13.2188
1,0,0,1,1,0,0,0,0,0,1,1,0,1,0,1,1,0,1,1,1,0,1,0,1,0,1,1,0,1,0,1,1,0,0,1,0,0,0 : 13.1698
1,0,0,0,1,1,1,0,0,1,1,1,1,0,1,1,0,1,1,0,1,1,0,0,1,1,0,0,0,0,1,1,0,1,0,0,0,1,0 : 13.3405
0,1,0,1,0,0,1,0,1,0,1,0,1,0,1,0,1,0,1,1,1,1,1,1,0,1,1,0,1,1,0,0,0,1,1,0,1,0,0 : 13.024
1,0,0,0,1,1,1,1,1,0,0,1,0,1,1,1,0,1,0,0,0,1,0,0,0,0,1,0,0,0,1,0,1,0,0,0,0,1,0 : 13.2777
0,1,1,1,0,0,0,1,0,0,0,0,0,0,0,0,0,0,1,1,1,1,0,0,0,0,1,0,0,0,1,0,1,1,0,1,0,0,0 : 13.6089
0,0,0,1,0,0,0,1,0,0,1,0,1,0,1,0,0,0,0,1,1,0,0,0,0,0,0,0,0,0,0,0,1,1,0,1,0,1,1 : 13.176
1,1,0,0,0,0,0,0,1,1,0,0,0,0,0,1,0,0,1,0,1,0,0,1,1,0,1,1,0,1,0,0,1,1,0,0,1,0,0 : 13.2777
1,0,0,0,1,1,0,1,0,0,0,1,0,0,0,0,0,1,1,0,0,0,1,0,1,1,0,1,1,0,0,1,1,0,0,0,1,1,0 : 13.607
1,1,0,1,1,1,0,0,0,0,0,1,0,0,0,0,0,1,1,0,0,0,1,1,0,0,0,0,1,1,1,1,0,1,0,1,1,1,1 : 13.5915
1,0,0,0,0,0,0,1,0,0,1,0,1,1,0,0,0,1,0,0,0,1,1,1,0,1,0,0,0,1,0,0,1,0,0,0,0,1,1 : 13.3405
1,0,0,1,0,0,0,0,1,0,1,0,0,0,1,0,1,0,1,1,1,0,1,0,0,1,0,0,0,0,0,1,0,1,0,0,0,0,0 : 13.168
0,0,0,0,1,0,0,1,1,1,0,1,0,1,1,0,1,1,1,1,0,1,1,1,0,0,0,0,0,1,0,0,1,0,0,1,1,1,1 : 13.8814
1,1,0,0,0,1,0,1,0,1,0,1,0,1,0,1,1,0,1,1,0,0,0,1,0,1,0,0,0,0,1,0,1,0,0,1,1,1,0 : 13.1776
1,0,0,0,0,1,0,0,0,1,0,0,0,0,1,0,0,1,0,0,1,1,1,1,0,0,0,0,1,1,1,0,0,0,0,0,0,0,0 : 14.3321
1,1,0,0,0,1,0,1,1,1,1,1,0,1,0,0,1,0,1,0,1,0,1,1,0,1,1,0,0,0,1,0,1,1,0,1,1,1,1 : 13.3405
1,1,1,1,0,0,0,1,1,0,1,1,0,1,1,0,1,0,0,0,1,1,0,0,0,0,1,0,1,0,1,1,0,1,0,1,1,1,0 : 14.7919
1,1,0,1,0,1,1,1,0,1,1,1,1,1,1,1,0,0,1,0,1,0,0,0,0,0,0,0,0,0,0,1,1,0,0,1,0,1,0 : 13.2777
1,1,0,1,1,1,0,1,1,0,1,0,0,1,1,0,1,1,1,0,0,1,1,1,0,1,1,1,0,1,0,1,0,1,0,0,1,0,1 : 13.5231
0,1,1,1,0,0,0,1,0,1,1,1,0,0,1,0,0,1,0,1,0,1,1,0,0,1,0,0,0,1,1,0,1,1,0,1,0,1,1 : 13.2188
1,1,0,1,0,1,0,0,0,0,0,0,0,1,1,0,1,0,0,1,0,0,1,1,0,0,0,0,1,0,0,0,0,1,0,1,0,0,1 : 13.1698
0,1,1,0,0,0,1,0,1,0,0,1,1,1,1,0,0,0,0,0,0,0,0,0,0,0,1,0,1,0,1,0,0,0,0,1,1,1,0 : 14.6515
0,0,0,0,1,0,0,0,1,0,1,0,0,0,0,1,0,1,0,0,0,1,1,0,0,0,1,0,1,0,0,0,1,0,1,0,0,0,1 : 13.2777
1,0,0,1,0,0,0,0,0,1,1,0,1,0,1,1,1,1,0,0,0,0,0,0,0,1,1,0,1,0,1,0,1,1,0,0,1,1,1 : 13.607
0,0,1,1,0,0,0,1,0,0,1,0,0,0,1,0,0,0,1,1,0,1,0,1,0,0,1,0,1,1,1,0,1,1,0,0,0,0,1 : 13.6089
0,0,0,1,0,0,1,1,0,0,1,1,1,0,1,1,0,1,1,1,0,0,0,0,0,0,0,1,1,0,0,0,0,0,0,0,1,1,1 : 13.1776
0,1,0,1,1,1,1,1,0,0,0,0,1,0,0,0,1,1,1,0,1,1,0,0,1,1,0,0,1,0,0,1,0,1,0,0,1,0,1 : 13.5231
1,0,0,1,0,1,1,1,1,0,0,1,1,0,1,1,0,1,1,0,0,0,1,0,1,0,1,0,1,0,0,0,1,1,0,1,0,0,0 : 13.2777
1,1,1,0,1,0,0,1,0,1,0,0,0,0,0,0,0,1,0,1,1,1,0,0,0,0,0,1,1,0,0,0,0,1,0,0,0,1,1 : 13.8814
1,0,0,0,0,1,1,1,1,0,0,0,0,1,0,0,0,1,1,1,1,0,0,1,0,0,0,0,0,1,0,0,0,1,0,1,1,1,0 : 13.176
1,1,0,0,1,1,1,0,0,1,0,1,1,0,1,1,0,0,0,0,1,0,1,0,0,0,1,1,0,0,1,1,1,0,0,0,0,1,0 : 13.2777
1,0,0,1,0,1,0,0,0,1,1,1,1,0,0,0,0,1,0,1,1,0,0,0,1,1,0,0,1,0,1,0,1,1,0,0,1,0,1 : 13.6338
0,0,0,1,0,0,0,0,0,1,1,0,1,0,0,1,0,0,1,0,0,1,0,0,0,0,0,1,0,0,1,1,1,0,0,0,0,1,1 : 13.2777
1,1,0,1,1,0,0,1,0,1,1,1,1,1,0,1,0,0,0,0,0,0,0,0,0,0,1,1,0,1,0,0,1,1,0,1,1,1,1 : 13.2777
1,0,0,1,0,0,0,0,0,1,1,1,1,1,0,1,0,0,1,1,0,0,0,1,0,0,0,0,1,1,1,1,1,0,0,1,1,0,1 : 13.6338
0,1,0,0,0,0,1,0,0,1,0,0,1,0,1,1,0,0,0,0,1,1,1,1,0,0,1,0,0,1,1,0,0,1,1,0,0,1,0 : 13.2777
1,0,0,0,1,1,1,1,0,1,0,1,0,0,1,0,0,1,0,0,0,1,0,0,0,1,0,0,0,1,0,0,0,0,1,0,0,1,0 : 13.3405
0,1,0,0,1,1,1,0,1,0,0,1,0,1,1,1,0,1,1,0,1,0,1,0,0,0,1,0,1,0,1,0,0,0,1,0,0,0,1 : 13.2777
0,0,0,0,0,0,1,0,1,0,1,1,0,0,1,0,0,1,0,0,1,0,0,1,0,1,0,0,1,1,1,0,0,1,0,1,0,1,1 : 13.607
0,0,0,1,0,1,0,0,0,1,0,1,0,1,1,1,1,0,1,0,0,0,0,1,0,1,1,0,0,1,1,1,1,0,0,0,0,1,1 : 13.3405
