1,0,0,0,1,1,0,1,0,1,0 : 202.9366
1,0,0,0,1,0,0,0,1,0,0 : 202.9366
1,0,0,0,1,1,0,0,1,0,0 : 202.9366
1,0,0,0,1,0,0,0,1,0,0 : 202.9366
1,0,0,0,1,0,0,0,1,0,0 : 202.9366
1,0,0,0,1,1,0,0,1,0,0 : 202.9366
1,0,0,0,1,0,0,0,1,0,0 : 202.9366
1,0,0,0,1,1,0,1,1,1,0 : 202.9366
1,0,0,0,1,1,0,0,1,0,0 : 202.9366
1,0,0,0,1,0,0,0,1,0,0 : 202.9366
1,0,0,0,1,1,0,0,1,1,0 : 202.9366
1,0,0,0,1,0,0,0,1,0,0 : 202.9366
1,0,0,0,1,0,0,0,1,0,0 : 202.9366
1,0,0,0,1,0,0,0,1,0,0 : 202.9366
1,0,0,0,1,1,0,1,0,1,0 : 202.9366
1,0,0,0,1,0,0,0,1,0,0 : 202.9366
1,0,0,0,1,1,0,0,1,0,0 : 202.9366
1,0,0,0,1,0,0,0,1,0,0 : 202.9366
1,0,0,0,1,0,0,0,1,0,0 : 202.9366
1,0,0,0,1,1,0,0,1,0,0 : 202.9366
1,0,0,0,1,0,0,0,1,0,0 : 202.9366
1,0,0,0,1,1,0,1,1,1,0 : 202.9366
1,0,0,0,1,1,0,0,1,0,0 : 202.9366
1,0,0,0,1,0,0,0,1,0,0 : 202.9366
1,0,0,0,1,1,0,0,1,1,0 : 202.9366
1,0,0,0,1,0,0,0,1,0,0 : 202.9366
1,0,0,0,1,0,0,0,1,0,0 : 202.9366
1,0,0,0,1,0,0,0,1,0,0 : 202.9366
1,0,0,0,1,0,1,0,1,0,0 : 204.73
1,0,0,0,0,0,1,1,0,1,0 : 204.73
1,0,0,0,0,0,1,0,1,0,0 : 204.73
1,0,0,0,1,0,1,1,0,1,0 : 204.73
1,0,0,0,0,1,1,0,1,0,0 : 204.73
1,0,0,0,1,0,1,0,1,1,0 : 204.73
1,0,0,0,0,0,1,1,0,1,0 : 204.73
1,0,0,0,0,1,1,0,1,0,0 : 204.73
1,0,0,0,1,1,1,1,1,1,0 : 204.73
1,0,0,0,0,0,1,0,1,0,0 : 204.73
1,0,0,0,0,0,1,0,1,1,0 : 204.73
1,0,0,0,0,0,1,1,0,0,0 : 204.73
1,0,0,0,0,0,1,0,1,0,0 : 204.73
1,0,0,0,1,0,1,0,1,1,0 : 204.73
1,0,0,0,1,1,1,1,0,1,0 : 204.73
1,0,0,0,0,0,1,1,0,1,0 : 204.73
1,0,0,0,0,1,1,0,0,1,0 : 204.73
1,0,0,0,1,1,1,0,1,1,0 : 204.73
1,0,0,0,1,0,1,0,1,0,0 : 204.73
1,0,0,0,0,0,1,1,0,1,0 : 204.73
1,0,0,0,0,0,1,0,1,0,0 : 204.73
1,0,0,0,1,0,1,1,0,1,0 : 204.73
1,0,0,0,0,1,1,0,1,0,0 : 204.73
1,0,0,0,1,0,1,0,1,1,0 : 204.73
1,0,0,0,0,0,1,1,0,1,0 : 204.73
1,0,0,0,0,1,1,0,1,0,0 : 204.73
1,0,0,0,1,1,1,1,1,1,0 : 204.73
1,0,0,0,0,0,1,0,1,0,0 : 204.73
1,0,0,0,0,0,1,0,1,1,0 : 204.73
1,0,0,0,0,0,1,1,0,0,0 : 204.73
1,0,0,0,0,0,1,0,1,0,0 : 204.73
1,0,0,0,1,0,1,0,1,1,0 : 204.73
1,0,0,0,1,1,1,1,0,1,0 : 204.73
1,0,0,0,0,0,1,1,0,1,0 : 204.73
1,0,0,0,0,1,1,0,0,1,0 : 204.73
1,0,0,0,1,1,1,0,1,1,0 : 204.73
1,0,0,1,1,1,0,1,1,1,0 : 212.0533
1,0,0,1,1,0,0,0,1,1,0 : 212.0533
1,0,0,1,1,0,0,0,1,1,0 : 212.0533
1,0,0,1,0,0,0,0,1,1,0 : 212.0533
1,0,0,1,1,0,0,0,1,0,0 : 212.0533
1,0,0,1,0,0,0,0,1,1,0 : 212.0533
1,0,0,1,1,1,0,1,1,1,0 : 212.0533
1,0,0,1,0,0,0,0,1,1,0 : 212.0533
1,0,0,1,1,0,0,0,1,0,0 : 212.0533
1,0,0,1,1,0,0,0,1,1,0 : 212.0533
1,0,0,1,1,1,0,1,1,1,0 : 212.0533
1,0,0,1,1,0,0,0,1,1,0 : 212.0533
1,0,0,1,1,0,0,0,1,1,0 : 212.0533
1,0,0,1,0,0,0,0,1,1,0 : 212.0533
1,0,0,1,1,0,0,0,1,0,0 : 212.0533
1,0,0,1,0,0,0,0,1,1,0 : 212.0533
1,0,0,1,1,1,0,1,1,1,0 : 212.0533
1,0,0,1,0,0,0,0,1,1,0 : 212.0533
1,0,0,1,1,0,0,0,1,0,0 : 212.0533
1,0,0,1,1,0,0,0,1,1,0 : 212.0533
1,0,0,1,1,1,0,1,0,0,0 : 212.7133
1,0,0,1,1,1,0,0,0,0,0 : 212.7133
1,0,0,1,1,1,0,1,0,0,0 : 212.7133
1,0,0,1,1,1,0,1,0,0,0 : 212.7133
1,0,0,1,1,1,0,1,0,0,0 : 212.7133
1,0,0,1,1,1,0,1,0,0,0 : 212.7133
1,0,0,1,1,1,0,0,0,0,0 : 212.7133
1,0,0,1,1,1,0,1,0,0,0 : 212.7133
1,0,0,1,1,1,0,1,0,0,0 : 212.7133
1,0,0,1,1,1,0,1,0,0,0 : 212.7133
1,0,0,1,1,1,1,1,0,1,0 : 214.25
1,0,0,1,1,0,1,0,1,0,0 : 214.25
1,0,0,1,0,0,1,0,1,0,0 : 214.25
1,0,0,1,1,0,1,0,1,0,0 : 214.25
1,0,0,1,0,0,1,1,0,1,0 : 214.25
1,0,0,1,1,0,1,0,1,0,0 : 214.25
