1,0,1,1,0,0,0,0,1,0,0 : 227.4
1,0,0,0,1,0,1,0,1,1,0 : 204.73
1,0,0,0,1,1,0,0,1,0,0 : 202.9366
1,0,0,0,0,0,0,0,0,1,0 : 202.9366
1,0,0,0,1,0,0,0,1,0,0 : 202.9366
1,0,0,0,1,1,0,1,1,0,0 : 202.9366
1,0,0,0,0,1,0,1,1,0,0 : 202.9366
1,0,0,0,1,1,0,0,1,1,0 : 202.9366
1,0,0,0,0,1,0,0,0,1,0 : 202.9366
1,0,0,0,1,0,0,0,1,1,0 : 202.9366
1,0,0,0,1,0,0,0,0,0,0 : 202.9366
1,0,0,0,0,0,1,0,1,1,0 : 204.73
1,0,0,0,0,0,0,0,0,1,0 : 202.9366
1,0,0,0,1,0,1,0,1,0,0 : 204.73
1,0,0,0,1,1,0,0,1,1,0 : 202.9366
1,0,0,0,0,0,1,0,1,0,0 : 204.73
1,0,0,0,0,0,1,1,0,0,0 : 204.73
1,0,1,1,1,1,1,0,1,0,1 : 250.5966
1,0,0,0,1,0,0,1,0,1,0 : 202.9366
1,0,0,0,0,1,0,1,0,0,0 : 202.9366
1,0,0,0,1,0,0,1,1,1,0 : 202.9366
1,0,0,0,0,0,0,0,1,0,0 : 202.9366
1,0,0,1,0,0,0,0,1,1,0 : 212.0533
1,0,0,0,0,0,0,0,1,0,0 : 202.9366
1,0,0,0,0,1,1,1,1,0,0 : 204.73
1,0,0,0,0,1,0,0,1,0,0 : 202.9366
1,0,0,0,1,1,0,1,1,1,0 : 202.9366
1,0,0,1,0,1,0,0,1,1,0 : 212.0533
1,0,0,0,1,1,0,1,0,0,0 : 202.9366
1,0,0,0,1,1,0,0,1,0,0 : 202.9366
1,0,0,0,1,0,0,0,1,0,0 : 202.9366
1,0,0,0,1,0,0,1,1,0,0 : 202.9366
1,0,0,0,0,0,0,1,1,1,0 : 202.9366
1,0,0,0,1,0,0,1,1,1,0 : 202.9366
1,0,0,0,0,0,0,0,0,1,0 : 202.9366
1,0,0,1,1,0,0,1,1,1,0 : 212.0533
1,0,0,0,1,0,1,1,1,0,0 : 204.73
1,0,0,0,1,0,0,1,0,1,0 : 202.9366
1,0,0,0,0,0,1,0,0,1,0 : 204.73
1,1,0,0,0,1,1,0,1,0,0 : 224.43
1,0,0,0,0,0,0,0,0,1,0 : 202.9366
1,0,0,0,0,0,0,0,1,1,0 : 202.9366
1,0,0,0,0,1,1,1,0,0,0 : 204.73
1,0,0,0,0,0,1,0,0,1,0 : 204.73
1,0,0,0,0,1,0,1,0,1,0 : 202.9366
1,0,0,0,1,1,0,0,0,0,0 : 202.9366
1,0,0,1,1,1,0,0,0,1,0 : 212.7133
1,0,0,0,0,0,0,1,0,1,0 : 202.9366
1,0,0,0,1,0,1,1,1,0,0 : 204.73
1,0,0,0,0,1,0,1,0,1,0 : 202.9366
1,0,0,1,1,0,0,1,0,1,0 : 212.7133
1,0,0,0,0,0,0,1,0,0,0 : 202.9366
1,0,0,0,0,0,0,0,0,1,0 : 202.9366
1,0,0,0,0,0,0,0,1,0,0 : 202.9366
1,0,0,0,1,1,1,1,1,1,0 : 204.73
1,0,0,0,1,0,0,0,1,0,0 : 202.9366
1,0,0,0,1,0,1,0,0,1,0 : 204.73
1,0,0,0,0,0,1,0,0,0,0 : 204.73
1,0,0,0,0,0,0,0,0,1,0 : 202.9366
1,0,0,0,1,0,0,0,1,1,0 : 202.9366
1,0,0,0,0,1,0,1,0,1,0 : 202.9366
1,0,0,0,1,0,0,1,1,0,0 : 202.9366
1,0,0,0,0,1,1,0,1,0,0 : 204.73
1,0,0,1,1,1,0,1,0,1,0 : 212.7133
1,0,0,0,1,0,0,0,1,1,0 : 202.9366
1,0,0,0,1,1,1,0,1,1,0 : 204.73
1,0,0,0,1,0,1,0,1,1,0 : 204.73
1,0,0,0,0,1,0,0,0,0,0 : 202.9366
1,0,0,0,0,1,0,1,0,0,0 : 202.9366
1,0,0,0,0,0,1,0,1,0,0 : 204.73
1,0,0,0,1,1,1,0,1,0,0 : 204.73
1,0,0,0,0,0,0,1,0,0,0 : 202.9366
1,0,0,0,0,0,0,1,0,0,0 : 202.9366
1,0,0,0,1,0,0,1,1,1,0 : 202.9366
1,0,1,0,0,1,1,0,1,1,0 : 218.0966
1,0,0,0,1,1,0,1,1,1,0 : 202.9366
1,0,0,0,1,0,0,0,1,1,0 : 202.9366
1,0,0,0,1,0,0,1,0,1,0 : 202.9366
1,0,0,0,0,0,0,1,0,0,0 : 202.9366
1,0,0,0,1,0,0,0,0,1,0 : 202.9366
1,0,0,0,1,1,1,0,0,1,0 : 204.73
1,0,0,0,1,1,0,0,1,0,0 : 202.9366
1,0,0,0,1,1,0,1,0,0,0 : 202.9366
1,0,0,0,0,0,0,1,1,1,0 : 202.9366
1,0,0,0,1,0,0,0,1,0,0 : 202.9366
1,0,0,0,0,0,0,0,0,0,0 : 202.9366
1,0,0,0,0,0,0,0,1,1,0 : 202.9366
1,0,0,0,1,0,0,0,1,0,0 : 202.9366
1,0,0,0,0,0,0,0,1,1,0 : 202.9366
1,0,1,0,0,0,0,1,0,1,0 : 218.0966
1,0,1,0,0,1,0,0,1,0,0 : 222.2666
1,0,0,0,0,1,1,0,1,1,0 : 204.73
1,0,0,0,0,0,1,0,1,0,0 : 204.73
1,0,0,0,1,0,0,1,1,1,0 : 202.9366
1,0,0,0,0,0,0,0,0,0,0 : 202.9366
1,0,0,0,0,0,1,1,1,0,0 : 204.73
1,0,0,0,0,1,0,1,1,0,0 : 202.9366
1,0,0,0,1,0,0,0,1,1,0 : 202.9366
1,0,0,0,0,1,1,0,1,0,0 : 204.73
1,0,0,1,0,0,0,0,0,0,0 : 212.7133
