1,0,0,1,0,1,0,1,1,0,1,0,1,0,1,1,1,1,1,1,0,0,0,1,0,1,0,0,0,1,0,1,1,0,0,0,1,1,1 : 13.1776
1,1,0,0,0,0,1,0,1,0,1,1,0,0,1,1,0,0,1,1,1,1,0,1,0,0,0,0,1,0,1,0,1,1,0,1,0,1,1 : 13.1776
1,0,1,0,0,1,0,1,1,1,0,1,1,1,0,0,0,0,0,1,0,1,0,0,0,0,0,0,0,0,1,0,1,1,0,0,0,1,0 : 13.176
0,1,1,1,0,0,0,0,0,0,1,1,1,1,0,1,1,0,0,0,1,0,0,1,1,1,0,0,1,1,0,0,1,0,0,0,0,0,0 : 13.9167
1,1,0,1,0,1,0,1,1,1,1,1,0,0,1,1,1,1,0,0,0,1,0,1,1,0,1,1,1,0,0,0,1,0,0,0,0,1,1 : 13.2777
0,1,0,0,0,1,1,1,1,0,0,1,0,1,1,1,0,1,1,1,1,0,1,0,0,0,1,0,0,0,0,0,0,0,0,0,1,0,0 : 14.0745
1,1,0,1,1,1,1,0,0,1,1,0,0,0,1,1,1,1,0,1,1,0,1,0,0,0,0,1,0,0,1,0,0,1,0,0,0,0,0 : 13.3611
1,1,0,0,1,0,1,1,1,1,1,1,1,1,0,0,0,1,0,1,0,1,1,1,0,0,1,0,1,0,1,0,1,1,0,0,1,0,0 : 14.3368
0,0,0,1,1,1,1,1,1,0,1,0,1,1,1,0,0,0,1,0,0,1,1,0,0,1,0,0,1,1,1,0,0,1,1,0,1,0,0 : 13.5508
0,1,0,0,0,1,0,1,1,1,1,1,0,0,0,1,0,1,0,0,0,1,1,0,0,0,0,1,0,0,1,1,1,0,0,0,0,1,1 : 13.2777
0,1,0,1,1,1,1,0,1,0,1,0,0,1,1,1,0,1,0,0,0,1,0,0,0,0,0,1,0,0,1,0,0,1,0,1,0,1,0 : 13.2777
1,0,1,0,0,0,1,1,1,1,0,0,1,0,1,0,1,0,1,1,1,0,1,0,1,1,0,1,1,0,0,0,1,1,0,1,0,1,0 : 13.176
1,0,0,0,1,0,0,1,1,1,1,1,0,0,1,0,1,1,0,0,1,0,1,0,0,1,1,1,0,1,0,1,0,1,0,0,1,1,1 : 13.3405
1,0,0,0,0,0,1,0,0,0,1,1,0,1,1,1,0,1,0,0,1,0,0,0,0,1,1,0,0,0,0,0,0,0,0,1,0,0,0 : 14.0686
0,1,0,0,1,1,1,0,1,1,0,1,1,1,1,0,0,1,1,0,0,0,1,1,1,1,0,0,1,1,0,0,0,1,1,1,0,0,0 : 14.158
1,1,1,1,0,0,0,1,1,1,0,0,0,1,1,1,0,0,1,1,0,0,1,0,1,1,0,0,0,1,0,0,1,1,0,1,0,1,1 : 13.1776
0,1,0,1,0,1,1,1,1,0,1,1,0,0,1,1,1,0,1,1,1,0,0,0,0,1,0,1,0,1,0,1,0,1,0,0,0,1,1 : 13.1776
1,0,0,0,1,0,1,0,0,1,1,1,0,1,0,1,0,0,0,0,1,1,0,1,0,1,0,0,0,1,1,0,0,0,0,1,0,1,0 : 13.3405
0,0,0,1,1,0,1,1,0,1,0,1,0,0,1,1,1,0,1,0,1,1,0,1,0,0,0,0,0,1,0,0,1,0,0,1,0,1,1 : 13.2777
0,0,0,0,0,1,0,0,1,1,0,1,0,0,0,1,0,0,1,0,1,0,0,1,0,0,0,0,1,1,1,0,1,0,0,0,0,1,1 : 13.2777
0,1,0,0,1,1,1,1,1,1,0,1,1,1,0,1,0,1,0,0,0,1,0,0,1,0,1,1,0,1,0,0,1,0,0,1,0,1,1 : 13.2777
1,0,0,0,0,1,1,1,0,1,1,1,1,0,1,0,1,1,0,1,1,0,1,0,1,1,0,0,0,1,0,0,0,1,0,0,0,0,0 : 13.024
1,0,0,1,1,0,1,1,1,1,0,1,0,0,1,0,1,0,0,1,1,0,0,1,1,1,0,0,1,0,0,0,1,0,0,0,0,1,0 : 13.8814
0,0,0,1,1,0,1,1,0,0,1,1,1,0,0,0,0,1,1,0,1,0,1,1,0,0,0,0,0,0,1,1,0,1,0,0,0,1,0 : 13.5915
1,1,1,0,0,1,0,1,0,1,1,1,0,1,0,1,0,0,0,0,0,1,1,1,0,0,1,1,0,0,1,1,0,1,1,0,0,0,1 : 15.4166
1,0,0,0,0,0,0,1,0,1,1,0,1,0,1,0,1,0,0,0,1,0,1,1,0,1,0,0,0,1,0,0,1,0,0,0,0,1,1 : 13.3405
0,1,0,1,0,0,0,1,0,1,1,0,0,0,0,1,0,0,1,1,1,0,0,1,0,1,0,0,0,0,1,0,0,1,0,0,1,1,0 : 13.1776
1,0,0,1,1,0,0,0,1,1,0,0,1,1,0,1,0,1,0,1,0,0,0,1,0,1,1,0,0,0,1,1,0,1,0,1,1,0,0 : 13.6338
1,0,0,0,0,0,0,1,1,0,0,0,0,0,0,0,0,1,1,1,0,1,1,0,0,0,0,0,1,1,1,1,1,0,0,1,1,1,0 : 13.176
1,0,0,0,0,1,1,1,1,1,0,1,1,1,1,1,0,0,0,0,0,1,1,1,0,0,0,1,0,0,1,0,0,1,0,0,1,1,0 : 13.2777
1,0,0,0,1,0,0,0,1,0,0,0,1,0,1,1,0,0,0,0,1,1,0,0,0,1,1,0,1,1,0,1,1,0,0,0,0,1,1 : 13.607
1,0,0,1,0,1,0,1,1,0,1,0,1,1,1,0,1,1,1,1,1,0,0,0,1,0,1,0,0,1,1,0,0,1,0,0,0,1,1 : 13.7551
1,0,0,1,0,0,0,0,0,1,1,0,1,1,1,1,0,0,0,0,0,0,0,0,0,0,1,0,0,1,0,0,0,1,0,0,1,1,1 : 13.2777
0,1,0,0,0,1,0,0,1,0,1,1,0,0,0,1,0,1,1,0,0,1,0,0,0,0,0,0,0,1,0,0,0,0,0,1,0,1,0 : 13.2777
1,0,0,1,0,0,0,1,1,0,1,1,1,0,1,1,0,0,1,0,0,0,0,1,1,0,1,0,1,0,1,0,0,1,0,0,0,1,1 : 13.2777
1,0,0,1,1,1,1,0,1,0,0,0,1,1,1,0,0,0,0,0,0,1,1,1,0,1,1,0,1,0,1,0,0,1,1,1,0,0,0 : 13.5508
1,1,1,0,0,1,0,1,1,1,1,1,0,0,1,1,0,1,1,0,0,0,0,1,0,0,0,1,0,1,0,0,0,0,0,1,0,0,0 : 15.4166
1,1,0,1,0,0,0,0,0,0,1,1,1,0,0,1,1,0,0,1,1,0,0,1,0,1,0,0,1,1,0,1,0,1,0,1,0,0,1 : 13.8408
0,0,1,1,0,0,0,0,0,1,1,1,0,0,0,0,0,1,1,1,1,0,0,0,1,1,0,0,1,1,0,0,0,0,0,0,0,1,0 : 13.176
0,0,0,1,1,1,1,1,1,0,0,0,1,1,0,1,0,1,1,0,1,1,0,1,0,0,0,0,1,0,0,0,1,0,0,0,0,0,0 : 13.2777
1,0,0,0,0,1,1,0,0,1,1,0,1,0,1,1,0,1,0,0,0,1,0,1,0,0,1,1,1,0,0,1,1,0,1,0,0,0,1 : 13.2777
0,1,0,1,0,0,0,0,1,0,0,1,0,0,0,0,1,1,1,1,1,0,1,0,1,1,0,1,0,1,0,0,0,0,0,1,0,0,1 : 13.1698
1,0,0,1,0,0,0,0,0,1,0,0,0,0,0,1,1,1,0,0,1,0,1,1,1,0,1,0,1,0,1,0,1,1,0,0,0,1,1 : 13.2777
1,0,0,1,0,1,1,1,1,0,0,0,0,0,1,1,0,0,1,0,0,1,1,0,0,0,1,0,0,1,1,1,0,1,0,0,0,1,0 : 13.2777
1,1,0,1,0,0,0,1,0,0,1,1,1,1,1,1,1,1,0,1,0,1,1,0,0,0,0,0,0,1,1,0,1,1,0,1,0,1,1 : 13.4263
1,0,1,1,0,0,0,1,1,1,0,1,0,0,0,0,0,0,1,0,1,1,0,0,1,1,0,0,1,1,0,0,1,0,0,1,0,1,1 : 14.7919
0,0,0,0,0,1,1,0,0,1,0,0,1,1,0,1,0,0,1,0,1,1,0,0,0,1,0,0,0,0,1,0,0,0,0,1,0,1,0 : 13.3405
1,0,0,1,0,1,0,1,1,0,1,1,1,1,1,1,0,0,1,1,1,1,0,0,0,1,0,0,1,1,1,1,0,1,0,1,1,1,1 : 13.1776
0,1,0,1,1,1,1,1,1,1,0,1,0,0,0,1,0,0,1,0,0,1,0,1,0,1,0,0,0,0,0,0,0,0,0,1,1,1,0 : 13.3405
0,1,0,1,1,0,0,0,0,0,1,1,0,0,1,1,0,1,1,1,0,0,0,1,0,0,0,0,1,0,0,1,0,1,0,0,0,1,0 : 13.8814
0,0,0,0,0,0,1,1,0,1,0,1,0,1,1,1,1,1,0,0,0,0,0,0,0,0,0,0,1,0,1,0,1,1,0,0,0,1,0 : 13.2777
0,1,0,1,0,1,1,0,1,1,0,0,0,1,1,1,0,0,1,0,0,1,0,0,1,0,1,1,0,1,0,0,1,1,0,1,0,0,0 : 13.2777
1,0,1,1,0,0,0,1,1,0,0,1,0,1,1,0,0,1,1,1,0,0,1,0,1,1,0,0,0,0,0,0,1,0,1,1,0,0,0 : 13.1698
0,1,0,0,1,0,1,1,0,1,0,1,0,0,1,1,1,0,0,0,1,0,0,1,0,0,0,0,1,0,0,0,1,1,0,0,0,1,1 : 13.2777
1,1,0,1,1,0,1,1,1,1,0,0,0,0,0,1,0,0,0,1,0,0,1,0,1,1,0,0,0,0,1,0,0,1,0,0,0,0,1 : 13.3611
0,1,0,0,0,1,1,0,1,1,0,0,0,1,1,1,0,1,1,0,1,1,0,1,0,0,1,0,1,0,1,0,1,0,1,1,0,0,0 : 13.2777
1,0,0,1,0,0,0,1,1,0,1,1,0,1,0,1,0,0,0,1,1,0,0,1,0,1,0,0,0,0,1,0,1,1,0,0,0,1,0 : 13.324
1,1,0,1,1,1,1,0,0,0,0,1,1,0,0,1,1,1,0,0,0,0,0,0,0,0,0,0,0,1,1,0,1,1,0,1,0,1,1 : 13.2777
1,1,0,0,1,1,0,1,1,1,1,1,0,1,0,0,0,0,1,0,1,0,0,1,0,1,0,0,1,0,0,0,1,1,0,0,0,1,0 : 13.607
0,1,0,0,0,1,1,0,0,1,0,0,0,1,1,1,0,0,1,1,0,1,1,1,1,0,1,0,1,0,0,1,1,0,0,0,0,0,0 : 13.3611
1,1,0,0,1,1,1,0,1,1,0,1,1,1,0,0,0,1,1,0,0,1,1,0,0,1,0,0,0,1,1,0,1,0,0,1,1,1,0 : 13.3405
1,0,0,1,1,0,0,0,1,0,1,1,0,1,1,1,1,0,0,1,1,1,0,1,1,0,1,1,0,1,0,1,1,0,0,0,0,0,0 : 13.7198
1,0,0,0,1,1,1,0,0,1,0,1,0,0,1,1,0,0,0,0,1,0,0,0,1,1,0,0,0,1,1,0,1,1,0,1,0,1,1 : 13.3405
0,1,1,0,0,1,0,0,1,0,0,0,1,1,0,0,1,0,1,1,1,1,1,1,0,0,1,0,1,1,0,0,0,0,1,0,1,0,0 : 13.9921
1,1,0,0,0,1,1,1,0,0,0,1,0,1,0,1,1,1,0,1,0,0,0,0,0,1,1,0,0,0,1,0,1,0,1,0,0,1,0 : 14.2166
0,0,0,1,0,0,0,1,0,1,0,0,0,0,0,0,1,0,0,0,0,1,0,0,0,1,1,0,0,1,0,0,1,1,0,1,1,0,0 : 13.5508
0,0,0,1,0,0,0,1,0,0,1,0,1,0,1,0,0,0,0,1,1,0,0,0,0,0,0,0,0,0,0,0,1,1,0,1,0,1,1 : 13.176
1,1,0,0,0,0,0,0,1,1,0,0,0,0,0,1,0,0,1,0,1,0,0,1,1,0,1,1,0,1,0,0,1,1,0,0,1,0,0 : 13.2777
1,0,0,0,1,1,0,1,0,0,0,1,0,0,0,0,0,1,1,0,0,0,1,0,1,1,0,1,1,0,0,1,1,0,0,0,1,1,0 : 13.607
1,1,0,0,1,1,0,0,1,0,0,1,0,0,0,0,0,0,0,0,1,0,1,1,0,1,0,0,1,1,1,0,0,1,0,0,1,1,1 : 13.607
1,1,0,0,0,0,0,1,1,0,1,1,0,0,0,0,0,1,1,0,0,1,0,1,0,1,1,0,0,1,1,0,1,0,0,1,0,1,1 : 13.3405
1,0,0,1,0,0,0,0,1,0,1,1,0,0,1,0,1,1,0,0,1,0,1,0,1,1,0,0,0,0,1,0,0,0,0,1,1,0,1 : 13.7033
0,1,1,0,1,0,0,0,1,1,1,0,1,0,1,0,0,1,1,0,0,1,1,1,1,0,1,0,0,0,0,1,1,0,0,0,1,0,1 : 14.1705
1,1,0,0,0,1,0,1,0,0,1,1,0,0,0,1,0,1,0,0,1,1,0,0,0,0,1,0,1,1,1,0,1,0,0,1,1,1,1 : 13.2777
1,0,0,1,0,1,0,1,0,1,0,0,0,0,0,1,0,1,0,0,1,0,1,1,0,0,0,0,0,1,1,1,1,0,0,0,1,1,0 : 13.2777
1,1,1,0,0,1,0,1,1,1,1,1,0,1,0,0,0,0,1,0,0,1,1,1,0,1,1,0,0,0,1,0,1,0,0,0,1,1,1 : 14.1806
1,1,0,1,0,0,0,1,1,0,1,1,0,1,1,0,0,0,1,1,0,1,0,0,0,0,0,0,1,0,1,0,0,1,0,1,1,1,1 : 13.2188
1,1,0,1,0,1,1,1,0,1,1,1,1,1,1,1,0,0,1,0,1,0,0,0,0,0,0,0,0,0,0,1,1,0,0,1,0,1,0 : 13.2777
1,0,0,1,0,0,0,0,1,0,0,1,0,1,1,1,1,1,0,0,0,1,1,1,0,0,1,1,0,1,0,1,1,0,0,0,1,0,1 : 13.2777
0,0,1,1,0,0,0,1,1,0,0,1,1,0,1,0,0,1,0,1,0,1,0,1,0,1,0,0,1,0,1,0,0,0,0,1,1,1,1 : 13.176
1,1,0,1,0,1,0,0,0,0,0,0,0,1,1,0,1,0,0,1,0,0,1,1,0,0,0,0,1,0,0,0,0,1,0,1,0,0,1 : 13.1698
0,1,0,1,0,0,0,0,1,0,0,0,1,1,1,1,0,0,1,0,0,0,0,0,0,0,1,0,0,0,1,0,1,0,0,0,1,1,0 : 13.2777
0,0,0,0,1,0,0,0,1,0,1,0,0,0,0,1,0,1,0,0,0,1,1,0,0,0,1,0,1,0,0,0,1,0,1,0,0,0,1 : 13.2777
1,0,0,0,1,0,0,0,1,0,0,1,0,0,1,0,1,0,0,1,1,1,0,0,0,0,1,0,1,0,1,0,1,1,0,1,0,1,0 : 13.7551
0,1,1,0,0,1,0,1,0,1,1,0,0,1,0,0,0,0,1,1,0,1,0,1,1,0,1,0,1,1,1,0,1,1,0,0,1,0,1 : 13.6089
0,0,0,1,0,0,1,1,0,0,1,1,0,0,1,0,0,1,1,1,0,0,0,0,0,0,0,0,1,1,1,0,0,0,0,0,1,1,1 : 13.176
0,1,0,1,1,1,1,1,0,0,0,0,1,0,0,0,1,1,1,0,1,1,0,0,1,1,0,0,1,0,0,1,0,1,0,0,1,0,1 : 13.5231
1,0,0,1,0,1,1,1,1,0,0,1,1,0,1,1,0,1,1,0,0,0,1,0,1,0,1,0,1,0,0,0,1,1,0,1,0,0,0 : 13.2777
1,1,1,0,1,0,0,1,0,1,0,0,0,0,0,0,0,1,0,1,1,1,0,0,0,0,0,1,1,0,0,0,0,1,0,0,0,1,1 : 13.8814
0,0,0,1,1,1,1,1,1,0,1,0,0,0,1,1,0,0,0,0,1,0,1,1,0,0,0,0,0,1,0,0,1,1,0,1,0,1,1 : 13.2777
1,1,0,1,1,1,1,0,0,1,0,1,1,0,1,1,0,0,0,1,1,0,1,0,0,1,0,1,0,0,1,1,1,0,0,1,0,0,0 : 13.024
1,0,0,1,0,1,0,1,1,1,1,1,1,0,0,1,0,1,0,1,1,0,0,1,1,1,0,0,1,0,1,0,1,1,0,0,1,1,1 : 13.324
0,0,0,1,1,1,0,1,0,1,1,0,1,0,0,0,0,1,0,1,0,1,0,1,0,1,0,0,1,0,1,1,0,1,0,0,0,0,0 : 13.7198
1,1,0,1,1,0,0,0,1,1,1,1,1,0,0,1,0,0,0,0,0,0,1,0,0,1,0,1,0,1,0,0,1,1,0,1,1,1,1 : 13.3405
1,0,0,1,1,0,1,0,0,1,1,1,1,1,0,1,1,0,0,1,1,0,0,1,0,0,0,0,1,1,1,1,1,0,0,1,1,0,1 : 16.0462
0,1,0,0,0,0,1,0,0,1,0,0,1,0,1,1,0,0,0,0,1,1,1,1,0,0,1,0,0,1,1,0,0,1,1,0,0,1,0 : 13.2777
1,0,0,0,1,1,1,1,0,1,0,1,0,0,1,0,0,1,0,0,0,1,0,0,0,1,0,0,0,1,0,0,0,0,1,0,0,1,0 : 13.3405
0,1,0,1,0,0,0,0,0,0,0,1,0,0,1,0,0,1,0,0,0,1,0,1,0,1,0,0,1,0,1,0,0,0,0,1,0,1,1 : 13.607
0,0,1,1,0,0,0,1,1,0,1,0,1,0,1,0,0,1,1,0,1,0,0,1,0,0,0,0,1,0,0,1,0,1,0,0,1,1,1 : 14.7919
0,0,0,1,0,1,0,0,0,1,0,1,0,1,1,1,1,0,1,0,0,0,0,1,0,1,1,0,0,1,1,1,1,0,0,0,0,1,1 : 13.3405
