1,0,1,0,1,0,0,1,1,0,1 : 220.08
1,0,0,0,0,0,0,0,0,0,0 : 202.9366
1,0,0,0,1,1,0,0,0,0,0 : 202.9366
1,0,0,0,0,0,0,1,0,1,0 : 202.9366
1,0,0,1,0,1,0,0,0,0,0 : 212.7133
1,0,0,0,1,1,0,1,1,0,0 : 202.9366
1,1,0,0,1,1,0,1,1,1,0 : 231.3133
1,0,0,0,1,1,0,0,1,0,0 : 202.9366
1,0,1,0,0,0,1,0,1,0,0 : 222.2666
1,1,0,0,1,1,0,1,0,0,0 : 231.3133
1,0,0,0,1,0,1,0,0,0,1 : 215.8533
1,0,1,0,0,0,1,0,1,0,0 : 222.2666
1,1,0,0,0,1,0,0,1,0,0 : 224.43
1,0,0,0,1,0,1,1,1,0,0 : 204.73
1,1,0,0,0,1,0,0,1,0,0 : 224.43
1,1,0,0,0,0,0,0,0,0,1 : 232.6166
1,0,1,0,0,1,1,0,1,1,0 : 218.0966
1,0,1,0,0,0,0,0,0,0,0 : 221.3766
1,0,0,1,1,0,1,1,1,1,0 : 214.25
1,0,0,0,1,1,1,1,1,0,1 : 216.0633
1,0,0,0,0,0,0,0,1,1,0 : 202.9366
1,0,1,0,0,0,0,0,0,0,0 : 221.3766
1,1,1,0,0,1,1,1,1,0,1 : 251.4333
1,0,0,0,0,1,0,0,0,0,0 : 202.9366
1,0,0,0,0,1,0,0,1,0,0 : 202.9366
1,1,0,0,0,1,0,1,0,0,0 : 224.43
1,1,0,1,0,1,0,1,1,1,0 : 239.32
1,0,0,0,1,1,0,1,1,1,0 : 202.9366
1,0,0,0,1,1,0,0,0,0,0 : 202.9366
1,0,0,0,1,1,0,0,1,0,0 : 202.9366
1,0,0,0,0,0,0,1,0,0,0 : 202.9366
1,1,0,0,0,1,0,1,1,0,0 : 224.43
1,0,0,0,0,0,0,1,1,0,0 : 202.9366
1,0,0,0,1,0,1,1,0,0,0 : 204.73
1,0,0,0,0,0,0,0,0,1,0 : 202.9366
1,0,0,0,1,0,0,0,1,0,0 : 202.9366
1,0,0,0,1,1,1,1,1,0,0 : 204.73
1,0,0,1,1,0,0,0,1,1,0 : 212.0533
1,0,0,0,0,0,0,1,0,1,0 : 202.9366
1,1,0,1,1,1,1,0,0,0,0 : 240.2333
1,0,0,0,1,0,0,0,1,0,0 : 202.9366
1,0,1,0,0,1,0,1,1,1,0 : 218.0966
1,1,0,0,1,1,0,0,0,1,1 : 232.6166
1,0,0,1,0,0,1,0,0,0,0 : 214.25
1,0,0,1,1,0,0,1,0,1,0 : 212.7133
1,0,1,0,1,0,1,0,1,1,0 : 218.0966
1,0,0,0,1,0,0,1,0,0,0 : 202.9366
1,1,0,0,1,1,1,1,0,0,1 : 234.95
1,1,0,0,1,0,1,1,1,1,0 : 231.3133
1,0,0,1,0,1,1,1,1,1,0 : 214.25
1,0,0,1,0,1,0,0,0,1,0 : 212.7133
1,0,0,0,0,0,0,1,0,1,0 : 202.9366
1,0,0,0,1,1,1,0,0,0,0 : 204.73
1,0,0,0,0,1,0,0,0,0,0 : 202.9366
1,0,0,1,0,1,1,1,1,1,0 : 214.25
1,0,0,0,1,1,0,0,1,0,0 : 202.9366
1,0,1,0,1,1,1,0,1,1,0 : 218.0966
1,0,0,1,1,0,0,0,1,1,0 : 212.0533
1,0,1,0,1,0,0,0,0,1,0 : 218.0966
1,0,0,0,0,0,0,1,1,1,0 : 202.9366
1,0,0,0,0,0,0,1,0,0,0 : 202.9366
1,0,1,0,0,0,1,1,0,1,0 : 218.0966
1,0,0,0,1,0,0,1,1,0,0 : 202.9366
1,0,0,0,0,0,0,0,1,0,0 : 202.9366
1,0,0,0,1,1,0,0,0,0,0 : 202.9366
1,0,1,0,0,0,1,0,1,1,0 : 218.0966
1,0,1,0,1,0,1,1,1,0,0 : 222.2666
1,0,0,0,0,0,0,1,0,0,0 : 202.9366
1,0,0,1,0,1,0,0,1,0,0 : 212.0533
1,0,0,1,1,0,1,0,1,0,0 : 214.25
1,0,0,0,1,0,1,0,1,0,0 : 204.73
1,0,0,0,0,1,0,0,1,0,0 : 202.9366
1,0,0,0,1,1,0,1,0,1,0 : 202.9366
1,0,0,0,0,1,0,0,0,0,0 : 202.9366
1,0,0,0,1,0,0,0,0,1,0 : 202.9366
1,0,0,0,0,0,1,0,1,1,0 : 204.73
1,0,0,0,1,1,0,0,1,0,0 : 202.9366
1,0,0,1,0,1,0,0,0,1,0 : 212.7133
1,0,1,0,0,0,0,1,0,1,0 : 218.0966
1,0,0,0,0,0,0,0,0,1,0 : 202.9366
1,0,0,1,0,1,1,0,0,0,0 : 214.25
1,0,0,0,1,1,0,0,1,0,0 : 202.9366
1,0,1,0,0,1,1,1,0,0,0 : 221.3766
1,0,0,0,1,0,0,1,0,1,0 : 202.9366
1,0,0,0,0,1,0,1,1,1,0 : 202.9366
1,0,0,0,1,0,0,0,0,0,0 : 202.9366
1,0,0,0,0,0,0,1,1,0,0 : 202.9366
1,1,0,0,1,1,0,1,0,1,0 : 231.3133
1,0,0,0,1,0,1,0,1,0,1 : 215.8533
1,0,0,0,1,1,0,1,1,1,0 : 202.9366
1,0,0,0,0,1,1,1,1,0,0 : 204.73
1,0,1,0,0,0,1,0,1,1,0 : 218.0966
1,0,0,0,1,0,0,1,0,0,0 : 202.9366
1,1,0,0,0,0,0,1,0,0,0 : 224.43
1,0,0,1,0,1,1,1,1,1,0 : 214.25
1,0,0,0,0,0,1,1,1,0,0 : 204.73
1,0,0,0,1,0,1,0,0,1,0 : 204.73
1,1,0,0,0,1,0,0,0,1,0 : 224.7333
1,0,0,1,1,0,0,1,1,0,0 : 212.0533
1,0,1,0,1,1,0,0,1,1,0 : 218.0966
