1,1,1,1,0,0,0,1,1,0,1,1,0,1,1,1,1,1,1,0,0,0,0,0,0,1 : 3451.0
1,1,1,1,0,1,1,0,1,0,1,1,0,1,1,0,1,1,1,0,0,0,0,0,0,0 : 3451.0
1,1,1,1,0,0,0,0,1,0,1,1,0,1,1,0,1,1,1,0,0,0,0,0,0,0 : 3451.0
1,1,1,1,0,0,0,1,1,0,1,1,0,1,1,1,1,1,1,0,0,0,0,0,0,1 : 3451.0
1,1,1,1,0,1,1,0,1,0,1,1,0,1,1,0,1,1,1,0,0,0,0,0,0,0 : 3451.0
1,1,1,1,0,0,0,0,1,0,1,1,0,1,1,0,1,1,1,0,0,0,0,0,0,0 : 3451.0
1,1,1,1,0,1,0,1,1,1,1,1,0,1,1,0,1,1,1,0,1,1,1,1,0,1 : 3512.0
1,1,1,1,0,1,0,0,1,0,1,1,0,1,1,1,1,1,1,1,1,1,1,1,0,0 : 3512.0
1,1,1,1,0,1,0,1,0,1,1,1,0,1,1,0,1,1,1,0,1,1,1,1,0,0 : 3512.0
1,1,1,1,0,1,1,0,1,0,1,1,0,1,1,0,1,1,1,0,1,1,1,1,0,1 : 3512.0
1,1,1,1,0,1,0,0,1,0,1,1,0,1,1,1,1,1,1,0,1,1,1,1,0,1 : 3512.0
1,1,1,1,0,0,0,1,1,1,1,1,0,1,1,0,1,1,1,0,1,1,1,1,0,1 : 3512.0
1,1,1,1,0,0,0,1,0,1,1,1,0,1,1,0,1,1,1,0,1,1,1,1,0,0 : 3512.0
1,1,1,1,0,0,0,0,0,1,1,1,0,1,1,1,1,1,1,1,1,1,1,1,0,0 : 3512.0
1,1,1,1,0,1,1,1,0,1,1,1,0,1,1,0,1,1,1,0,1,1,1,1,0,0 : 3512.0
1,1,1,1,0,1,0,1,1,0,1,1,0,1,1,1,1,1,1,0,1,1,1,1,0,1 : 3512.0
1,1,1,1,0,1,0,1,1,0,1,1,0,1,1,1,1,1,1,0,1,1,1,1,0,1 : 3512.0
1,1,1,1,0,1,0,1,1,0,1,1,0,1,1,1,1,1,1,1,1,1,1,1,0,0 : 3512.0
1,1,1,1,0,1,0,1,0,1,1,1,0,1,1,0,1,1,1,0,1,1,1,1,0,0 : 3512.0
1,1,1,1,0,1,0,0,1,0,1,1,0,1,1,1,1,1,1,0,1,1,1,1,0,1 : 3512.0
1,1,1,1,0,0,0,1,1,1,1,1,0,1,1,0,1,1,1,0,1,1,1,1,0,1 : 3512.0
1,1,1,1,0,0,0,1,0,1,1,1,0,1,1,0,1,1,1,0,1,1,1,1,0,1 : 3512.0
1,1,1,1,0,0,0,0,0,0,1,1,0,1,1,1,1,1,1,0,1,1,1,1,0,0 : 3512.0
1,1,1,1,0,1,1,1,0,1,1,1,0,1,1,1,1,1,1,0,1,1,1,1,0,0 : 3512.0
1,1,1,1,0,1,0,0,1,0,1,1,0,1,1,0,1,1,1,0,1,1,1,1,0,1 : 3512.0
1,1,1,1,0,1,0,1,1,1,1,1,0,1,1,0,1,1,1,0,1,1,1,1,0,1 : 3512.0
1,1,1,1,0,1,0,0,1,0,1,1,0,1,1,1,1,1,1,1,1,1,1,1,0,0 : 3512.0
1,1,1,1,0,1,0,1,0,1,1,1,0,1,1,0,1,1,1,0,1,1,1,1,0,0 : 3512.0
1,1,1,1,0,1,1,0,1,0,1,1,0,1,1,0,1,1,1,0,1,1,1,1,0,1 : 3512.0
1,1,1,1,0,1,0,0,1,0,1,1,0,1,1,1,1,1,1,0,1,1,1,1,0,1 : 3512.0
1,1,1,1,0,0,0,1,1,1,1,1,0,1,1,0,1,1,1,0,1,1,1,1,0,1 : 3512.0
1,1,1,1,0,0,0,1,0,1,1,1,0,1,1,0,1,1,1,0,1,1,1,1,0,0 : 3512.0
1,1,1,1,0,0,0,0,0,1,1,1,0,1,1,1,1,1,1,1,1,1,1,1,0,0 : 3512.0
1,1,1,1,0,1,1,1,0,1,1,1,0,1,1,0,1,1,1,0,1,1,1,1,0,0 : 3512.0
1,1,1,1,0,1,0,1,1,0,1,1,0,1,1,1,1,1,1,0,1,1,1,1,0,1 : 3512.0
1,1,1,1,0,1,0,1,1,0,1,1,0,1,1,1,1,1,1,0,1,1,1,1,0,1 : 3512.0
1,1,1,1,0,1,0,1,1,0,1,1,0,1,1,1,1,1,1,1,1,1,1,1,0,0 : 3512.0
1,1,1,1,0,1,0,1,0,1,1,1,0,1,1,0,1,1,1,0,1,1,1,1,0,0 : 3512.0
1,1,1,1,0,1,0,0,1,0,1,1,0,1,1,1,1,1,1,0,1,1,1,1,0,1 : 3512.0
1,1,1,1,0,0,0,1,1,1,1,1,0,1,1,0,1,1,1,0,1,1,1,1,0,1 : 3512.0
1,1,1,1,0,0,0,1,0,1,1,1,0,1,1,0,1,1,1,0,1,1,1,1,0,1 : 3512.0
1,1,1,1,0,0,0,0,0,0,1,1,0,1,1,1,1,1,1,0,1,1,1,1,0,0 : 3512.0
1,1,1,1,0,1,1,1,0,1,1,1,0,1,1,1,1,1,1,0,1,1,1,1,0,0 : 3512.0
1,1,1,1,0,1,0,0,1,0,1,1,0,1,1,0,1,1,1,0,1,1,1,1,0,1 : 3512.0
1,1,1,1,0,1,0,1,0,1,1,1,0,1,1,1,1,1,1,1,1,1,1,0,1,0 : 4792.0
1,1,1,1,0,1,0,1,0,1,1,1,0,1,1,1,1,1,1,1,1,1,1,0,1,0 : 4792.0
1,1,1,1,0,0,0,0,1,1,1,1,0,1,1,0,1,1,1,0,1,1,1,0,1,1 : 4915.0
1,1,1,1,0,0,0,0,1,1,1,1,0,1,1,0,1,1,1,0,1,1,1,0,1,1 : 4915.0
1,1,1,1,0,1,0,1,0,1,1,1,0,1,1,1,1,1,1,0,1,1,1,0,1,0 : 4943.0
1,1,1,1,0,1,0,1,0,1,1,1,0,1,1,1,1,1,1,0,1,1,1,0,1,0 : 4943.0
1,1,1,1,0,1,0,1,0,1,1,1,0,1,1,1,1,1,1,0,1,1,1,0,1,0 : 4943.0
1,1,1,1,0,0,0,1,0,1,1,1,0,1,1,1,1,1,1,0,1,1,1,0,1,1 : 4943.0
1,1,1,1,0,0,0,1,1,0,1,1,0,1,1,0,1,1,1,0,1,1,1,0,1,1 : 4943.0
1,1,1,1,0,0,0,1,1,1,1,1,0,1,1,1,1,1,1,0,1,1,1,0,1,1 : 4943.0
1,1,1,1,0,0,0,1,0,1,1,1,0,1,1,0,1,1,1,0,1,1,1,0,1,1 : 4943.0
1,1,1,1,0,0,0,1,1,0,1,1,0,1,1,0,1,1,1,0,1,1,1,0,1,1 : 4943.0
1,1,1,1,0,0,0,1,1,1,1,1,0,1,1,1,1,1,1,0,1,1,1,0,1,1 : 4943.0
1,1,1,1,0,0,0,1,1,1,1,1,0,1,1,0,1,1,1,0,1,1,1,0,1,1 : 4943.0
1,1,1,1,0,1,0,1,0,1,1,1,0,1,1,1,1,1,1,0,1,1,1,0,1,0 : 4943.0
1,1,1,1,0,1,0,1,0,1,1,1,0,1,1,1,1,1,1,0,1,1,1,0,1,0 : 4943.0
1,1,1,1,0,1,0,1,0,1,1,1,0,1,1,1,1,1,1,0,1,1,1,0,1,0 : 4943.0
1,1,1,1,0,0,0,1,0,1,1,1,0,1,1,1,1,1,1,0,1,1,1,0,1,1 : 4943.0
1,1,1,1,0,0,0,1,1,0,1,1,0,1,1,0,1,1,1,0,1,1,1,0,1,1 : 4943.0
1,1,1,1,0,0,0,1,1,1,1,1,0,1,1,1,1,1,1,0,1,1,1,0,1,1 : 4943.0
1,1,1,1,0,0,0,1,0,1,1,1,0,1,1,0,1,1,1,0,1,1,1,0,1,1 : 4943.0
1,1,1,1,0,0,0,1,1,0,1,1,0,1,1,0,1,1,1,0,1,1,1,0,1,1 : 4943.0
1,1,1,1,0,0,0,1,1,1,1,1,0,1,1,1,1,1,1,0,1,1,1,0,1,1 : 4943.0
1,1,1,1,0,0,0,1,1,1,1,1,0,1,1,0,1,1,1,0,1,1,1,0,1,1 : 4943.0
1,1,1,0,1,1,1,1,0,0,1,0,1,1,1,1,1,1,1,1,0,0,0,0,0,1 : 5289.0
1,1,1,0,1,1,1,1,0,0,1,0,1,1,1,1,1,1,1,1,1,1,1,1,0,1 : 5289.0
1,1,1,0,1,1,1,1,0,0,1,0,1,1,1,1,1,1,1,1,0,0,0,0,0,1 : 5289.0
1,1,1,0,1,1,1,1,0,0,1,0,1,1,1,1,1,1,1,1,1,1,1,1,0,1 : 5289.0
1,1,1,0,1,1,1,1,0,0,1,0,1,1,1,1,1,1,1,1,0,0,0,0,0,1 : 5289.0
1,1,1,0,1,1,1,1,0,0,1,0,1,1,1,1,1,1,1,1,1,1,1,1,0,1 : 5289.0
1,1,1,0,1,1,1,1,0,0,1,0,1,1,1,1,1,1,1,1,0,0,0,0,0,1 : 5289.0
1,1,1,0,1,1,1,1,0,0,1,0,1,1,1,1,1,1,1,1,1,1,1,1,0,1 : 5289.0
1,1,1,1,0,0,0,0,1,1,1,0,1,1,1,1,1,1,1,1,1,1,1,1,0,0 : 5457.0
1,1,1,1,0,0,0,0,0,1,1,0,1,1,1,0,1,1,1,0,1,1,1,1,0,1 : 5457.0
1,1,1,1,0,0,0,1,1,1,1,0,1,1,1,1,1,1,1,0,1,1,1,1,0,1 : 5457.0
1,1,1,1,0,1,0,0,1,1,1,0,1,1,1,0,1,1,1,0,1,1,1,1,0,0 : 5457.0
1,1,1,1,0,0,0,0,1,1,1,0,1,1,1,1,1,1,1,1,1,1,1,1,0,1 : 5457.0
1,1,1,1,0,0,0,1,0,1,1,0,1,1,1,0,1,1,1,0,1,1,1,1,0,0 : 5457.0
1,1,1,1,0,0,0,0,1,1,1,0,1,1,1,1,1,1,1,0,1,1,1,1,0,0 : 5457.0
1,1,1,1,0,1,0,1,0,1,1,0,1,1,1,0,1,1,1,0,1,1,1,1,0,1 : 5457.0
1,1,1,1,0,0,0,1,1,1,1,0,1,1,1,1,1,1,1,0,1,1,1,1,0,1 : 5457.0
1,1,1,1,0,0,0,0,1,1,1,0,1,1,1,1,1,1,1,1,1,1,1,1,0,1 : 5457.0
1,1,1,1,0,0,0,0,1,1,1,0,1,1,1,1,1,1,1,1,1,1,1,1,0,0 : 5457.0
1,1,1,1,0,0,0,0,0,1,1,0,1,1,1,0,1,1,1,0,1,1,1,1,0,1 : 5457.0
1,1,1,1,0,0,0,1,1,1,1,0,1,1,1,1,1,1,1,0,1,1,1,1,0,1 : 5457.0
1,1,1,1,0,1,0,0,1,1,1,0,1,1,1,0,1,1,1,0,1,1,1,1,0,0 : 5457.0
1,1,1,1,0,0,0,0,1,1,1,0,1,1,1,1,1,1,1,1,1,1,1,1,0,1 : 5457.0
1,1,1,1,0,0,0,1,0,1,1,0,1,1,1,0,1,1,1,0,1,1,1,1,0,0 : 5457.0
1,1,1,1,0,0,0,0,1,1,1,0,1,1,1,1,1,1,1,0,1,1,1,1,0,0 : 5457.0
1,1,1,1,0,1,0,1,0,1,1,0,1,1,1,0,1,1,1,0,1,1,1,1,0,1 : 5457.0
1,1,1,1,0,0,0,1,1,1,1,0,1,1,1,1,1,1,1,0,1,1,1,1,0,1 : 5457.0
1,1,1,1,0,0,0,0,1,1,1,0,1,1,1,1,1,1,1,1,1,1,1,1,0,1 : 5457.0
1,1,1,1,0,0,0,1,1,1,1,0,1,1,1,0,1,1,1,0,0,0,0,0,0,1 : 5494.0
1,1,1,1,0,0,0,1,1,1,1,0,1,1,1,0,1,1,1,0,0,0,0,0,0,1 : 5494.0
1,1,1,1,0,1,1,0,1,1,1,0,1,1,1,0,1,1,1,0,1,1,1,0,1,1 : 14744.0
1,1,1,1,0,1,1,0,1,1,1,0,1,1,1,0,1,1,1,0,1,1,1,0,1,1 : 14744.0
