1,0,1,0,1,0,0,0,1,0,1 : 220.08
1,0,0,0,0,0,0,0,0,0,0 : 202.9366
1,0,0,0,1,1,0,0,1,0,0 : 202.9366
1,0,0,0,0,0,0,0,0,1,0 : 202.9366
1,0,0,0,0,0,0,0,0,1,0 : 202.9366
1,0,0,0,1,1,0,1,1,0,0 : 202.9366
1,0,0,0,0,0,0,1,1,0,0 : 202.9366
1,0,1,0,1,1,0,0,1,1,0 : 218.0966
1,0,0,0,1,1,0,1,1,1,0 : 202.9366
1,0,0,0,1,0,0,0,1,1,0 : 202.9366
1,0,0,0,0,0,0,0,0,1,0 : 202.9366
1,0,0,0,0,0,0,0,0,0,0 : 202.9366
1,0,0,1,1,0,0,0,1,0,0 : 212.0533
1,0,0,0,1,0,0,0,1,1,0 : 202.9366
1,0,0,0,1,1,0,0,1,0,0 : 202.9366
1,0,0,0,0,0,0,0,0,0,0 : 202.9366
1,0,1,0,0,1,1,0,1,1,0 : 218.0966
1,0,0,0,0,1,0,0,1,0,0 : 202.9366
1,0,0,0,1,0,0,0,1,1,0 : 202.9366
1,0,0,0,0,0,0,1,0,1,0 : 202.9366
1,0,0,0,1,1,0,0,1,0,0 : 202.9366
1,0,0,0,1,1,0,0,0,1,0 : 202.9366
1,0,0,0,0,0,0,1,1,0,0 : 202.9366
1,0,0,0,0,1,0,0,1,0,0 : 202.9366
1,0,0,0,0,1,0,1,1,0,0 : 202.9366
1,0,0,0,1,1,0,1,1,0,0 : 202.9366
1,0,0,0,0,1,0,1,0,1,0 : 202.9366
1,0,0,0,0,1,0,0,0,1,0 : 202.9366
1,0,1,0,0,1,0,0,0,1,0 : 218.0966
1,0,0,0,0,1,0,0,1,0,0 : 202.9366
1,0,0,0,0,1,0,0,0,0,0 : 202.9366
1,0,0,1,0,0,1,1,0,1,0 : 214.25
1,0,0,0,0,0,0,1,1,0,0 : 202.9366
1,0,0,0,1,0,0,1,1,0,0 : 202.9366
1,0,0,0,0,0,0,0,0,1,0 : 202.9366
1,0,0,0,0,0,0,0,1,0,0 : 202.9366
1,0,0,0,1,1,0,1,1,0,0 : 202.9366
1,0,0,0,1,1,0,1,0,1,0 : 202.9366
1,0,0,0,0,1,0,0,1,0,0 : 202.9366
1,0,0,0,0,1,0,1,0,0,0 : 202.9366
1,0,0,0,1,0,0,1,1,1,0 : 202.9366
1,0,1,0,1,1,1,1,1,1,0 : 218.0966
1,0,0,0,1,1,0,0,0,1,0 : 202.9366
1,0,0,0,1,0,0,0,0,0,0 : 202.9366
1,0,0,0,1,0,0,1,0,1,0 : 202.9366
1,0,0,0,1,0,0,0,1,1,0 : 202.9366
1,0,0,1,1,1,0,1,1,0,0 : 212.0533
1,0,0,0,0,1,1,1,1,0,0 : 204.73
1,0,0,0,1,1,0,1,1,1,0 : 202.9366
1,0,0,0,0,0,1,1,0,0,1 : 217.68
1,0,0,0,1,0,0,0,0,1,0 : 202.9366
1,0,0,0,0,0,0,1,0,1,0 : 202.9366
1,0,0,0,0,0,0,0,0,1,0 : 202.9366
1,0,0,0,0,1,0,0,0,1,0 : 202.9366
1,0,0,0,1,0,1,0,1,1,0 : 204.73
1,0,0,1,0,1,0,0,1,1,0 : 212.0533
1,0,0,0,0,1,0,0,1,0,0 : 202.9366
1,0,0,0,0,0,0,0,1,1,0 : 202.9366
1,0,0,0,1,0,0,0,1,1,0 : 202.9366
1,0,0,0,1,0,0,0,1,1,0 : 202.9366
1,0,0,1,1,1,1,0,1,1,0 : 214.25
1,0,0,0,1,0,1,0,0,1,1 : 215.8533
1,0,1,0,0,0,0,0,0,0,0 : 221.3766
1,0,0,0,1,0,0,1,0,1,0 : 202.9366
1,0,0,0,1,1,0,0,0,0,0 : 202.9366
1,0,0,0,1,0,0,1,1,0,0 : 202.9366
1,0,0,0,1,1,1,0,1,0,1 : 216.0633
1,0,0,0,0,1,0,1,1,1,0 : 202.9366
1,0,1,0,0,1,0,1,1,1,0 : 218.0966
1,0,0,0,1,0,0,1,1,0,0 : 202.9366
1,0,0,0,1,0,0,0,1,0,0 : 202.9366
1,0,0,0,1,0,0,1,0,0,0 : 202.9366
1,0,0,0,1,1,0,1,0,1,0 : 202.9366
1,0,0,0,1,1,0,1,0,0,0 : 202.9366
1,0,0,0,1,1,1,0,1,1,0 : 204.73
1,1,0,0,0,1,0,0,0,0,1 : 232.6166
1,0,0,0,1,1,0,0,1,1,0 : 202.9366
1,0,1,0,0,1,1,0,0,1,0 : 218.0966
1,0,0,1,1,0,0,0,1,1,0 : 212.0533
1,0,0,0,1,0,0,0,0,1,0 : 202.9366
1,0,0,0,1,1,0,0,1,0,0 : 202.9366
1,0,0,0,0,1,0,0,0,1,0 : 202.9366
1,0,0,0,1,1,0,0,1,1,0 : 202.9366
1,1,0,0,0,0,0,0,0,1,0 : 224.7333
1,0,0,0,0,1,0,0,1,0,0 : 202.9366
1,0,0,0,1,1,0,1,1,0,0 : 202.9366
1,0,0,0,0,1,1,1,1,1,0 : 204.73
1,0,0,0,0,0,0,0,0,1,0 : 202.9366
1,0,0,0,1,1,0,1,1,0,0 : 202.9366
1,0,0,1,0,0,0,0,1,0,0 : 212.0533
1,0,0,0,1,0,0,0,0,1,0 : 202.9366
1,0,0,0,0,0,0,0,1,1,0 : 202.9366
1,0,0,0,0,0,1,1,0,1,0 : 204.73
1,0,0,0,0,0,0,0,1,1,0 : 202.9366
1,0,0,0,0,1,1,1,0,0,0 : 204.73
1,0,0,0,1,0,1,1,1,1,0 : 204.73
1,0,0,0,0,0,0,0,0,1,0 : 202.9366
1,0,0,0,1,1,0,1,1,1,0 : 202.9366
1,0,0,0,0,0,0,0,0,1,0 : 202.9366
1,0,1,0,1,0,1,0,0,1,0 : 218.0966
