1,1,0,1,0,1,0,1,1,0,1,0,1,0,0,1,1,0,1,0,1,0,0,1,0,1,0,0,0,0,0,1,1,0,0,0,0,1,0 : 13.3405
0,0,0,1,0,0,1,1,0,0,0,1,0,0,0,0,1,0,1,1,1,0,0,1,0,0,0,0,1,0,1,0,1,1,0,0,1,1,1 : 13.176
1,1,0,0,0,0,0,1,0,1,0,1,0,1,0,0,0,0,1,0,0,1,0,1,0,0,0,1,0,0,1,0,1,1,0,0,0,1,1 : 14.6178
0,1,0,1,0,0,0,0,0,0,1,1,1,1,0,1,1,0,0,1,1,1,0,1,0,1,0,0,0,1,1,0,1,0,0,0,0,0,1 : 13.7198
1,1,0,1,0,1,0,0,1,1,1,0,1,0,0,1,1,1,0,0,0,0,0,1,0,0,0,1,0,1,0,0,1,0,0,0,1,1,0 : 13.2777
0,1,0,0,0,1,1,1,1,0,0,1,0,1,1,1,0,1,1,1,1,0,1,0,0,0,1,0,0,0,0,0,0,0,0,0,1,0,0 : 14.0745
0,0,0,1,1,1,0,0,1,1,1,0,1,0,1,1,0,1,1,1,1,0,0,0,1,1,0,1,1,0,0,0,0,1,0,0,1,1,0 : 13.8814
1,1,0,0,1,1,0,1,1,1,1,1,1,0,0,1,1,0,1,0,0,1,0,1,1,0,1,0,0,0,1,0,0,1,0,1,1,1,0 : 13.2777
1,1,0,0,0,1,1,1,1,0,0,0,1,0,0,1,1,0,1,0,1,1,1,1,0,0,0,0,0,1,1,0,0,1,0,0,1,0,0 : 13.2777
0,1,0,0,0,1,0,1,1,1,1,1,0,0,0,1,0,1,0,0,0,1,1,0,0,0,0,1,0,0,1,1,1,0,0,0,0,1,1 : 13.2777
0,1,0,1,1,1,1,0,1,0,1,0,0,1,1,1,0,1,0,0,0,1,0,0,0,0,0,1,0,0,1,0,0,1,0,1,0,1,0 : 13.2777
1,1,0,0,0,0,1,1,1,1,0,0,1,0,1,0,1,0,1,1,1,0,1,0,1,1,0,1,1,0,0,1,0,1,0,0,1,1,0 : 13.2188
1,0,0,1,0,0,0,1,1,0,1,1,0,0,0,0,1,1,0,1,1,0,1,0,0,1,0,1,0,1,0,0,0,1,0,0,1,1,1 : 13.176
0,0,0,0,1,1,1,1,1,0,1,1,0,0,0,0,0,0,1,1,1,0,0,1,1,1,0,0,0,0,0,0,0,0,0,1,0,1,1 : 13.8814
0,1,0,0,1,1,1,0,1,1,0,1,1,1,1,0,0,1,1,0,0,0,1,1,1,1,0,0,1,1,0,0,0,1,1,1,0,0,0 : 14.158
1,1,0,1,0,0,0,1,0,1,1,1,0,1,0,1,0,0,0,1,0,1,1,0,1,1,0,0,0,1,1,0,1,0,0,1,0,0,1 : 13.1698
0,1,0,1,0,0,1,1,1,1,0,0,0,1,0,1,1,1,1,1,1,1,1,0,0,0,0,1,0,1,0,1,0,1,0,1,0,1,1 : 13.1776
0,1,0,1,0,1,1,0,1,0,1,1,0,1,0,1,0,1,0,0,1,0,0,1,0,1,0,0,0,1,1,1,0,1,0,0,1,0,0 : 14.011
0,0,0,1,0,1,1,1,0,1,0,1,0,0,1,0,0,0,1,1,0,1,0,0,0,0,0,1,0,1,0,0,1,1,0,1,0,1,0 : 13.176
0,0,0,0,0,1,0,0,1,1,0,1,0,0,0,1,0,0,1,0,1,0,0,1,0,0,0,0,1,1,1,0,1,0,0,0,0,1,1 : 13.2777
0,1,0,0,1,1,1,1,1,1,0,1,1,1,0,1,0,1,0,0,0,1,0,0,1,0,1,1,0,1,0,0,1,0,0,1,0,1,1 : 13.2777
1,0,0,0,0,1,1,1,0,1,1,1,1,0,1,0,1,1,0,1,1,0,1,0,1,1,0,0,0,1,0,0,0,1,0,0,0,0,0 : 13.024
0,1,0,1,1,1,0,0,0,1,0,1,0,1,1,1,1,1,1,0,1,1,0,1,0,1,0,0,1,0,0,0,1,1,0,0,1,1,0 : 13.607
1,0,0,1,1,0,1,0,0,0,1,1,1,0,0,0,0,1,0,0,1,0,1,0,0,0,0,0,0,0,1,1,0,1,0,1,0,0,0 : 13.87
1,1,1,0,0,1,0,1,0,1,1,1,0,1,0,1,0,0,0,0,0,1,1,1,0,0,1,1,0,0,1,1,0,1,1,0,0,0,1 : 15.4166
1,0,1,0,1,0,0,1,0,1,1,1,1,0,0,0,0,1,0,0,1,0,1,1,0,1,0,0,1,1,0,0,1,0,0,1,0,1,0 : 13.7107
0,1,0,1,0,0,0,1,0,1,0,1,0,0,0,1,0,0,0,1,0,0,0,1,0,1,0,1,0,0,1,0,1,1,0,0,1,1,0 : 13.324
1,0,1,1,0,0,0,0,1,1,0,1,1,1,1,0,0,1,1,0,0,0,0,0,0,1,1,0,0,0,1,0,0,1,0,1,1,0,0 : 13.7308
1,1,0,0,0,0,0,0,0,1,1,0,0,0,1,1,0,0,1,0,1,1,0,1,0,0,0,0,1,1,1,1,1,0,0,1,0,0,0 : 13.2777
0,0,0,0,1,1,0,1,0,1,1,1,1,1,0,1,1,0,0,1,0,1,1,1,0,0,0,1,0,0,1,0,0,1,0,0,1,1,1 : 13.8814
0,0,0,0,1,0,0,0,1,0,0,0,1,0,1,1,0,0,0,0,0,1,0,0,0,0,1,0,1,1,0,1,1,0,0,1,0,1,1 : 13.2777
1,0,0,1,0,1,0,1,1,0,1,0,1,1,1,0,1,1,1,1,1,0,0,0,1,0,1,0,0,1,1,0,0,1,0,0,0,1,1 : 13.7551
1,0,0,1,0,0,0,0,0,1,1,0,1,1,1,1,0,0,0,0,0,0,0,0,0,0,1,0,0,1,0,0,0,1,0,0,1,1,1 : 13.2777
0,1,1,0,0,1,0,0,1,0,0,1,0,1,0,0,0,1,1,1,0,1,0,0,0,0,0,0,0,0,1,0,1,0,0,1,1,0,0 : 13.6089
1,0,0,0,0,0,0,0,0,0,1,1,1,0,1,1,0,0,0,1,1,0,0,1,0,1,0,0,1,0,1,0,0,1,0,0,0,1,1 : 13.324
1,0,0,0,0,1,0,0,1,1,0,0,0,0,1,0,1,1,0,1,0,1,1,1,0,1,1,0,1,0,1,0,0,1,1,1,0,0,0 : 13.1698
0,1,0,0,0,1,1,1,1,1,1,1,0,0,1,1,0,1,1,1,0,1,0,1,0,0,0,1,0,1,0,0,0,0,0,1,0,1,0 : 13.1776
1,1,1,1,0,0,0,0,1,0,0,0,0,0,0,1,1,0,0,1,1,1,0,0,0,0,1,0,1,0,0,1,1,0,0,0,1,0,0 : 13.6089
0,0,1,1,0,0,0,0,0,1,1,1,0,0,0,0,0,1,1,1,1,0,0,0,1,1,0,0,1,1,0,0,0,0,0,0,0,1,0 : 13.176
0,0,0,1,1,1,1,1,1,0,0,0,1,1,0,1,0,1,1,0,1,1,0,1,0,0,0,0,1,0,0,0,1,0,0,0,0,0,0 : 13.2777
0,0,0,1,0,1,1,0,0,1,1,0,1,0,1,1,0,0,0,0,0,0,0,1,0,1,1,1,1,0,0,0,1,0,0,0,0,1,1 : 13.607
1,1,1,1,0,0,0,1,0,1,1,1,0,0,0,0,1,0,1,1,1,1,0,1,1,1,0,0,0,1,0,0,1,0,0,1,0,0,1 : 13.6089
1,0,0,1,0,0,0,0,0,1,0,0,0,0,0,1,1,1,0,0,1,0,1,1,1,0,1,0,1,0,1,0,1,1,0,0,0,1,1 : 13.2777
1,0,0,1,0,1,1,1,1,0,0,0,0,0,1,1,0,0,1,0,0,1,1,0,0,0,1,0,0,1,1,1,0,1,0,0,0,1,0 : 13.2777
1,1,0,1,0,0,0,1,0,0,1,1,1,1,1,1,1,1,0,1,0,1,1,0,0,0,0,0,0,1,1,0,1,1,0,1,0,1,1 : 13.4263
0,1,0,0,0,1,0,1,0,1,1,1,0,0,1,1,0,0,0,0,1,1,0,0,0,1,0,0,0,1,1,0,1,1,0,1,0,1,0 : 13.3405
0,0,0,0,0,1,1,0,0,1,1,0,1,1,1,1,0,0,1,1,1,1,1,0,0,1,0,0,0,0,0,0,0,0,0,1,0,1,0 : 13.1776
1,0,0,1,1,1,0,0,1,0,0,1,0,1,1,0,1,0,1,1,1,1,1,0,0,1,1,0,0,1,1,0,1,0,0,0,1,0,1 : 14.0745
0,1,0,1,0,1,0,1,1,1,0,1,0,0,1,1,0,1,1,0,0,1,1,1,0,1,0,0,0,0,0,0,0,1,0,0,0,1,1 : 13.3405
0,1,0,1,1,0,0,0,0,1,0,0,0,0,1,1,0,0,1,0,0,1,1,1,0,0,1,0,1,0,0,1,0,1,1,0,0,1,0 : 13.2777
1,0,0,0,1,1,1,1,0,1,1,1,0,1,0,1,0,0,1,0,0,0,0,0,1,1,0,0,1,1,1,0,1,1,0,0,0,1,0 : 13.607
1,1,0,1,0,0,0,0,1,0,0,0,0,0,1,1,0,0,1,0,0,0,1,0,0,0,1,0,0,1,0,1,0,1,0,1,0,0,0 : 13.2777
1,0,1,1,0,0,0,1,1,0,0,1,0,1,1,0,0,1,1,1,0,0,1,0,1,1,0,0,0,0,0,0,1,0,1,1,0,0,0 : 13.1698
0,1,0,0,1,0,1,1,0,1,0,1,1,1,1,1,1,0,0,0,1,1,0,1,0,1,0,0,1,0,1,0,0,0,0,0,0,1,1 : 13.607
1,1,0,1,0,1,1,1,1,1,1,0,0,0,1,1,1,0,1,1,1,0,1,1,0,0,0,0,1,0,1,1,0,1,0,1,0,1,1 : 13.1776
0,1,0,0,0,1,1,0,1,1,0,0,0,1,1,1,0,1,1,0,1,1,0,1,0,0,1,0,1,0,1,0,1,0,1,1,0,0,0 : 13.2777
0,0,0,1,0,0,1,0,1,1,1,1,0,1,0,1,0,0,0,1,0,0,1,1,0,1,0,0,0,0,1,0,1,0,0,0,0,1,1 : 13.4263
1,1,0,0,1,0,1,0,0,0,0,1,0,0,1,0,1,0,1,1,1,0,1,1,0,0,0,0,0,1,0,0,1,1,0,1,0,0,1 : 13.3611
1,1,0,0,1,1,0,1,1,1,1,1,0,1,0,0,0,0,1,0,1,0,0,1,0,1,0,0,1,0,0,0,1,1,0,0,0,1,0 : 13.607
0,1,0,0,0,0,1,0,1,1,0,0,0,1,1,1,1,0,0,1,0,1,1,1,1,1,0,0,1,0,0,0,1,0,0,0,0,0,0 : 13.3611
0,0,0,1,0,1,0,0,0,0,1,1,1,1,0,1,0,0,1,0,0,0,1,0,0,0,0,0,0,1,0,0,0,1,0,0,1,1,0 : 13.2777
1,0,0,1,1,1,1,0,0,0,0,1,1,0,1,1,0,0,0,1,1,1,1,1,0,1,1,1,0,1,0,0,1,0,0,1,0,0,0 : 13.024
1,0,0,0,1,1,1,0,0,1,1,1,0,0,1,1,0,1,1,0,0,0,0,1,1,0,1,0,1,1,1,0,0,1,0,0,1,1,0 : 13.2777
0,1,0,1,0,0,0,0,1,0,1,1,1,0,1,1,1,1,0,0,0,0,1,1,0,0,1,0,0,1,1,0,0,0,0,0,0,0,0 : 13.2777
1,0,0,0,0,1,1,1,0,1,0,0,0,0,1,1,1,1,1,1,0,1,0,0,0,1,0,0,0,0,1,0,1,0,0,0,1,1,0 : 13.1776
0,1,1,1,0,0,0,1,0,1,0,1,0,0,0,0,0,1,0,0,0,0,0,0,0,0,0,0,0,1,0,0,1,1,0,1,0,0,0 : 13.9423
0,0,0,1,0,0,0,1,0,0,1,0,1,0,1,0,0,0,0,1,1,0,0,0,0,0,0,0,0,0,0,0,1,1,0,1,0,1,1 : 13.176
1,1,0,0,0,0,0,0,1,1,0,0,0,0,0,1,0,0,1,0,1,0,0,1,1,0,1,1,0,1,0,0,1,1,0,0,1,0,0 : 13.2777
1,0,0,0,1,1,0,1,0,0,0,1,0,0,0,0,0,1,1,0,0,0,1,0,1,1,0,1,1,0,0,1,1,0,0,0,1,1,0 : 13.607
1,1,0,0,1,1,0,0,0,0,0,0,0,0,0,0,1,0,0,0,1,1,0,0,0,1,0,0,0,1,1,0,0,1,0,1,1,1,1 : 13.3405
1,0,0,0,0,0,0,1,0,0,1,0,1,1,0,0,1,1,0,0,0,1,0,1,0,1,1,0,0,1,1,0,1,1,0,0,0,1,1 : 13.3405
1,0,0,1,0,0,1,0,0,0,1,1,0,0,1,0,0,0,1,1,1,0,1,0,1,1,0,0,0,0,1,1,0,1,0,1,0,0,1 : 13.3611
0,0,1,0,1,0,0,1,1,1,1,0,0,1,1,1,1,1,1,1,0,1,0,1,0,0,1,0,1,1,0,0,1,1,0,0,1,0,1 : 13.6089
1,1,0,0,0,1,0,1,0,0,1,1,0,1,0,0,1,0,0,0,1,0,0,0,0,1,1,0,0,1,1,0,1,0,0,1,1,1,1 : 13.3405
1,0,0,1,0,1,0,0,0,1,0,0,0,0,1,0,1,1,0,0,0,1,0,1,0,1,0,0,1,0,1,0,1,1,0,0,0,0,0 : 13.5231
1,1,0,0,1,1,0,1,0,1,1,1,0,1,0,0,0,0,1,0,0,1,1,1,0,1,1,0,1,1,1,0,1,0,0,0,1,1,1 : 13.607
1,0,1,1,0,0,0,0,0,1,1,1,0,0,1,0,1,0,0,1,1,1,0,0,0,0,1,0,1,0,1,1,0,1,0,0,1,0,0 : 13.6089
1,1,0,1,0,1,1,1,0,1,1,1,1,1,1,1,0,0,1,0,1,0,0,0,0,0,0,0,0,0,0,1,1,0,0,1,0,1,0 : 13.2777
1,1,0,1,1,0,0,0,1,0,1,0,0,1,0,0,1,1,0,0,0,1,1,1,0,0,1,1,0,1,0,1,1,0,0,0,1,0,1 : 13.8915
0,1,1,1,0,0,0,1,0,1,1,1,0,0,1,0,0,1,0,1,0,1,1,1,0,1,1,0,1,0,0,0,1,1,0,1,1,1,1 : 14.2166
1,1,0,1,0,1,0,0,0,0,0,0,0,1,1,0,1,0,0,1,0,0,1,1,0,0,0,0,1,0,0,0,0,1,0,1,0,0,1 : 13.1698
0,1,0,1,0,0,1,1,0,0,0,0,0,1,0,1,0,1,1,0,0,1,0,1,0,0,0,0,0,0,1,0,1,0,0,1,0,0,1 : 13.2777
0,0,0,0,1,0,0,0,1,0,1,0,0,0,0,1,0,1,0,0,0,1,1,0,0,0,1,0,1,0,0,0,1,0,1,0,0,0,1 : 13.2777
0,0,0,0,0,0,0,0,1,0,0,0,1,0,1,1,1,0,0,0,0,0,0,0,0,1,1,0,1,0,1,0,0,1,0,0,1,0,1 : 14.011
1,1,0,0,1,1,0,1,0,1,1,0,0,1,1,1,0,0,1,0,0,0,0,1,1,0,1,0,1,1,1,0,1,0,0,0,0,0,1 : 13.2777
0,0,0,1,0,0,1,1,0,0,1,1,1,0,1,1,0,1,1,1,0,0,0,0,0,0,0,1,1,0,0,0,0,0,0,0,1,1,1 : 13.1776
0,1,0,1,1,0,1,1,0,0,0,0,1,0,0,0,1,0,1,1,1,1,1,0,1,1,0,0,0,0,0,1,0,1,0,0,1,0,1 : 13.024
1,0,0,1,0,1,1,1,1,0,0,1,1,0,1,1,0,1,1,0,0,0,1,0,1,0,1,0,1,0,0,0,1,1,0,1,0,0,0 : 13.2777
1,1,1,0,1,0,0,1,0,1,0,0,0,0,0,0,0,1,0,1,1,1,0,0,0,0,0,1,1,0,0,0,0,1,0,0,0,1,1 : 13.8814
0,0,0,1,0,0,1,1,1,0,1,0,0,0,0,1,0,0,1,1,0,0,1,1,0,0,0,0,0,1,0,0,0,1,0,0,1,1,1 : 13.1776
1,1,0,0,1,1,1,0,0,1,0,1,1,0,1,1,0,0,0,0,1,0,1,0,0,0,1,1,0,0,1,1,1,0,0,0,0,1,0 : 13.2777
1,1,0,1,0,1,1,1,0,1,0,1,1,0,1,0,0,1,0,1,1,0,1,0,1,1,0,0,1,0,1,0,1,1,0,0,0,1,1 : 13.2188
0,0,0,1,0,1,0,1,0,1,0,0,1,0,0,1,0,1,1,1,0,1,0,1,1,1,0,0,1,0,1,1,1,0,0,0,0,0,0 : 13.7198
1,1,0,1,1,0,0,0,1,1,1,1,1,0,0,1,0,0,0,0,0,0,1,0,0,1,0,1,0,1,0,0,1,1,0,1,1,1,1 : 13.3405
1,0,0,0,1,0,1,0,1,1,1,1,0,1,0,1,1,0,1,0,0,0,0,0,0,0,0,0,0,1,1,1,1,0,0,1,1,0,1 : 13.2777
0,1,0,0,0,0,1,0,0,1,0,0,1,0,1,1,0,0,0,0,1,1,1,1,0,0,1,0,0,1,1,0,0,1,1,0,0,1,0 : 13.2777
1,0,0,0,1,1,1,1,0,1,0,1,0,0,1,0,0,1,0,0,0,1,0,0,0,1,0,0,0,1,0,0,0,0,1,0,0,1,0 : 13.3405
0,1,0,1,0,1,0,0,1,0,0,1,1,1,1,0,1,1,1,1,0,1,0,0,0,0,0,0,0,0,1,0,0,0,0,0,0,0,0 : 13.7198
0,0,0,0,0,0,1,1,0,1,1,0,1,0,0,0,0,0,1,0,1,0,0,0,0,0,0,0,1,1,0,1,0,1,0,0,0,1,1 : 14.9825
0,0,0,1,0,0,0,0,0,1,0,1,0,1,1,1,0,0,0,0,0,0,0,1,0,0,1,0,0,0,1,0,1,0,0,0,0,1,1 : 13.2777
