1,0,0,1,1,0,0,0,1,0,0 : 212.0533
1,0,0,0,1,0,0,0,1,0,0 : 202.9366
1,0,0,0,1,1,0,0,0,0,0 : 202.9366
1,0,0,0,0,0,0,0,0,1,0 : 202.9366
1,0,0,1,0,1,1,0,0,0,0 : 214.25
1,0,0,0,1,1,0,1,1,0,0 : 202.9366
1,1,0,0,1,1,0,1,1,1,0 : 231.3133
1,0,1,1,1,1,0,1,1,1,0 : 229.2766
1,0,0,1,1,1,1,1,0,0,0 : 214.25
1,1,0,0,1,0,0,1,1,1,1 : 231.8866
1,0,1,1,1,1,1,0,1,1,0 : 232.1166
1,0,0,1,0,0,1,0,1,0,0 : 214.25
1,0,0,0,0,0,0,0,1,0,0 : 202.9366
1,0,0,0,1,1,0,0,0,0,0 : 202.9366
1,1,0,0,1,1,0,0,1,1,0 : 231.3133
1,0,0,1,0,1,1,0,0,0,0 : 214.25
1,0,0,0,0,1,0,0,1,1,0 : 202.9366
1,0,0,0,0,1,1,0,1,0,0 : 204.73
1,0,0,1,1,0,1,1,1,1,0 : 214.25
1,1,1,0,1,1,1,1,1,0,1 : 251.4333
1,0,1,1,1,1,1,1,0,0,1 : 250.5966
1,0,0,1,0,1,1,1,1,0,0 : 214.25
1,1,0,0,0,1,0,0,1,0,0 : 224.43
1,0,0,1,0,0,1,0,1,0,0 : 214.25
1,0,0,0,0,0,1,1,1,0,0 : 204.73
1,0,1,1,0,1,0,0,1,0,0 : 227.4
1,0,0,0,0,1,1,0,1,0,0 : 204.73
1,1,0,0,0,0,0,0,0,0,0 : 224.43
1,0,1,0,1,0,0,1,1,1,0 : 218.0966
1,1,0,0,0,1,0,0,1,0,0 : 224.43
1,0,0,0,0,0,1,0,1,0,1 : 217.6533
1,0,0,1,1,1,0,1,0,0,0 : 212.7133
1,0,1,1,1,0,1,1,1,0,0 : 232.1166
1,0,0,0,1,1,0,0,1,0,0 : 202.9366
1,1,0,0,1,0,0,1,0,1,0 : 231.3133
1,1,0,0,0,1,0,0,0,0,0 : 224.43
1,0,0,0,1,1,1,0,0,0,0 : 204.73
1,1,0,0,1,0,0,1,1,0,0 : 231.3133
1,0,0,0,1,1,1,0,0,1,1 : 216.0633
1,1,0,1,0,0,1,0,0,0,0 : 248.0166
1,0,0,0,0,0,1,0,1,1,0 : 204.73
1,0,1,1,0,1,1,0,1,1,0 : 232.1166
1,0,0,0,1,1,1,1,1,0,0 : 204.73
1,0,0,0,0,0,1,0,0,0,0 : 204.73
1,0,0,1,0,0,0,1,0,0,0 : 212.7133
1,1,0,0,0,0,0,0,0,0,1 : 232.6166
1,0,0,0,1,1,1,1,0,0,0 : 204.73
1,1,0,1,0,0,1,1,0,0,0 : 248.0166
1,0,0,0,0,1,1,1,1,1,1 : 217.6533
1,0,1,1,0,0,1,1,0,0,1 : 244.12
1,1,0,0,1,0,0,0,1,0,1 : 232.6166
1,0,0,0,1,0,1,0,0,0,0 : 204.73
1,1,0,1,0,1,0,0,0,1,0 : 235.3466
1,1,0,0,0,1,0,0,0,1,0 : 224.7333
1,0,0,1,0,1,1,1,1,1,0 : 214.25
1,0,0,1,1,1,0,0,1,0,0 : 212.0533
1,0,0,0,1,1,1,1,1,1,0 : 204.73
1,1,0,1,1,0,1,0,0,1,1 : 246.5033
1,0,1,0,1,0,0,0,0,1,1 : 220.08
1,0,0,0,0,0,0,0,1,1,0 : 202.9366
1,1,0,0,0,1,1,0,0,1,0 : 224.7333
1,0,0,1,1,1,0,1,0,1,0 : 212.7133
1,0,0,1,1,0,1,1,1,0,0 : 214.25
1,0,0,1,1,1,0,1,1,1,0 : 212.0533
1,1,0,0,0,1,0,0,1,1,0 : 224.7333
1,0,0,0,1,1,0,0,0,1,0 : 202.9366
1,0,1,0,1,0,0,0,1,0,1 : 220.08
1,0,0,0,0,0,0,1,1,0,0 : 202.9366
1,0,0,0,1,1,0,1,0,1,0 : 202.9366
1,1,0,1,1,1,1,0,1,0,1 : 251.0333
1,0,0,0,1,1,1,0,0,0,0 : 204.73
1,0,0,0,1,0,0,1,0,0,1 : 220.08
1,1,0,1,1,1,0,0,0,0,0 : 235.3466
1,1,0,0,0,1,0,1,0,0,1 : 231.8866
1,0,1,0,0,1,1,0,1,1,0 : 218.0966
1,0,0,0,0,1,1,0,0,1,0 : 204.73
1,0,0,1,1,1,0,0,1,1,0 : 212.0533
1,0,0,0,1,0,0,0,0,0,1 : 220.08
1,0,0,1,0,1,0,0,1,0,0 : 212.0533
1,0,0,0,1,0,1,0,0,1,0 : 204.73
1,0,1,1,1,1,0,0,0,1,0 : 227.75
1,1,0,1,0,1,0,0,1,0,0 : 235.3466
1,1,0,0,0,0,1,1,0,1,0 : 224.7333
1,1,0,0,1,0,0,1,0,1,0 : 231.3133
1,1,0,0,0,1,0,0,0,1,0 : 224.7333
1,0,0,0,0,1,0,0,1,0,0 : 202.9366
1,0,0,0,0,0,0,1,0,1,0 : 202.9366
1,0,0,0,0,0,0,1,1,1,0 : 202.9366
1,0,0,0,1,0,1,0,1,0,1 : 215.8533
1,0,0,0,1,1,0,0,1,0,0 : 202.9366
1,1,1,0,0,0,0,1,1,0,0 : 241.8266
1,0,0,0,0,0,0,1,0,0,0 : 202.9366
1,0,1,0,0,0,1,1,0,1,0 : 218.0966
1,0,0,0,1,0,0,1,1,0,0 : 202.9366
1,1,0,0,0,1,0,1,1,0,1 : 231.8866
1,0,0,1,0,0,1,1,1,1,0 : 214.25
1,0,0,0,1,1,0,0,0,0,0 : 202.9366
1,1,0,1,1,1,0,0,0,0,0 : 235.3466
1,0,0,0,0,0,0,0,1,1,0 : 202.9366
1,0,1,0,1,0,0,0,0,1,0 : 218.0966
